website,id,date,layer_counts,all_packet_count,all_packet_sizes,all_packet_total_size,all_packet_min_size,all_packet_max_size,all_packet_average_size,tcp_packet_count,tcp_packet_sizes,tcp_packet_total_size,tcp_packet_min_size,tcp_packet_max_size,tcp_packet_average_size,udp_count,udp_packet_count,udp_packet_sizes,udp_packet_total_size,udp_packet_min_size,udp_packet_max_size,udp_packet_average_size,ip_packet_count,ip_packet_sizes,ip_packet_total_size,ip_packet_min_size,ip_packet_max_size,ip_packet_average_size,dns_count,dns_query_types,dns_response_codes,dns_incomplete_transactions,data_count,data_total_payload_size,data_min_payload_size,data_max_payload_size,data_avg_payload_size,param_frag_size,param_tcp_frag,param_record_frag
https://allmalaysia.info/,c60361fe-0b7a-4943-a64a-1b6a048de808,2025-04-10 10:46:57,{},0,[],0,0,0,0,0,[],0,0,0,0,0,0,[],0,0,0,0,0,[],0,0,0,0,0,{},{},0,0,0,0,0,0,5,True,False
https://allmalaysia.info/,3a1e1fe2-97b6-4e6e-a579-6e0878581ea8,2025-04-10 11:07:45,"{'eth': 37, 'ipv6': 7, 'icmpv6': 5, 'eapol': 29, 'eap': 29, 'ip': 1, 'udp': 3, 'dhcp': 1, 'mdns': 2}",37,"[110, 110, 63, 29, 24, 179, 1022, 24, 1018, 24, 1018, 24, 1018, 24, 1018, 24, 1018, 24, 367, 154, 75, 24, 58, 60, 91, 114, 100, 55, 64, 64, 22, 86, 90, 342, 62, 231, 328]",9158,22,1022,247.51351351351352,0,[],0,0,0,0,3,3,"[342, 231, 328]",901,231,342,300.3333333333333,0,0,0,1,[342],342,342,342,342.0,1,0,0.0,{},{},0,0,0,0,0,5,True,False
https://allmalaysia.info/,515d327c-641d-4018-a011-a08424bc0ff8,2025-04-10 11:08:57,"{'eth': 9517, 'ipv6': 32, 'udp': 2325, 'mdns': 53, 'ip': 9451, 'dhcp': 14, 'icmpv6': 4, 'arp': 34, 'dns': 547, 'quic': 1755, 'tcp': 7136, 'tls': 4752, 'DATA': 1817, 'ssdp': 18, 'http': 2, 'data-text-lines': 1, 'icmp': 18, 'ntp': 14, 'dtls': 2}",9517,"[979, 328, 342, 342, 342, 342, 342, 70, 342, 342, 342, 42, 342, 209, 42, 42, 42, 42, 42, 42, 60, 42, 60, 75, 235, 79, 215, 1392, 78, 74, 66, 1242, 583, 100, 83, 148, 191, 156, 1392, 80, 198, 66, 1354, 1354, 965, 66, 861, 74, 74, 99, 616, 111, 1389, 106, 164, 85, 79, 66, 146, 979, 79, 85, 85, 75, 78, 75, 167, 167, 75, 87, 75, 107, 76, 1059, 110, 91, 135, 91, 95, 181, 135, 129, 148, 74, 66, 76, 169, 87, 107, 76, 111, 76, 66, 81, 81, 85, 85, 369, 78, 369, 137, 66, 66, 73, 169, 97, 150, 208, 155, 1273, 239, 89, 81, 81, 78, 78, 196, 97, 138, 155, 401, 66, 100, 191, 78, 74, 66, 83, 78, 148, 74, 66, 78, 42, 42, 78, 66, 66, 107, 66, 1354, 639, 1292, 1292, 1354, 1022, 82, 1292, 1292, 66, 66, 66, 1292, 1354, 1354, 1354, 465, 66, 1292, 1292, 1292, 1292, 336, 986, 66, 1354, 242, 66, 82, 82, 1292, 1292, 1292, 1292, 348, 986, 1292, 1292, 1292, 336, 348, 80, 198, 69, 85, 1227, 1292, 1292, 1218, 42, 342, 60, 73, 342, 342, 342, 342, 70, 348, 1292, 74, 407, 264, 427, 284, 1292, 85, 154, 42, 42, 60, 114, 82, 69, 75, 74, 85, 212, 135, 106, 199, 1389, 379, 336, 84, 66, 83, 75, 75, 259, 66, 78, 92, 74, 86, 92, 236, 91, 233, 97, 1292, 125, 102, 94, 90, 337, 218, 1292, 78, 42, 42, 78, 66, 107, 66, 73, 124, 213, 581, 73, 73, 501, 97, 74, 74, 42, 42, 1354, 597, 1227, 1354, 78, 73, 124, 124, 140, 648, 104, 192, 149, 149, 150, 149, 148, 424, 150, 158, 149, 126, 607, 130, 128, 115, 115, 78, 788, 1026, 66, 69, 79, 70, 79, 70, 74, 66, 81, 86, 178, 81, 70, 70, 79, 70, 188, 79, 74, 66, 66, 270, 66, 66, 570, 64, 85, 66, 78, 537, 83, 128, 64, 128, 128, 83, 84, 128, 198, 84, 128, 128, 84, 128, 69, 128, 84, 69, 66, 66, 66, 69, 69, 85, 78, 66, 74, 66, 672, 66, 127, 66, 73, 78, 74, 74, 66, 259, 145, 141, 74, 128, 64, 128, 64, 77, 77, 65, 691, 421, 66, 74, 1354, 598, 66, 66, 66, 66, 66, 86, 99, 66, 1354, 1354, 1354, 723, 66, 66, 66, 66, 402, 76, 131, 76, 79, 79, 95, 131, 129, 73, 270, 86, 85, 84, 86, 1292, 1292, 1292, 82, 1292, 1292, 1292, 79, 81, 81, 97, 73, 155, 66, 66, 66, 1354, 635, 86, 66, 66, 66, 66, 1354, 66, 1354, 1354, 985, 66, 78, 1292, 1292, 1292, 1292, 82, 1292, 1292, 66, 1292, 66, 66, 78, 344, 364, 238, 1354, 330, 66, 1292, 1292, 66, 1292, 85, 1292, 66, 66, 125, 116, 125, 116, 78, 425, 76, 1288, 1193, 560, 163, 66, 77, 77, 560, 163, 69, 111, 76, 75, 69, 130, 1354, 537, 416, 66, 145, 145, 66, 66, 74, 629, 113, 258, 78, 66, 66, 78, 117, 493, 508, 66, 69, 281, 77, 78, 109, 69, 313, 66, 66, 410, 77, 66, 80, 66, 198, 344, 364, 100, 83, 69, 73, 69, 213, 74, 82, 75, 74, 212, 148, 85, 191, 85, 135, 106, 209, 154, 83, 84, 78, 233, 236, 94, 78, 92, 213, 337, 74, 86, 90, 102, 407, 427, 97, 92, 75, 69, 75, 85, 85, 78, 86, 83, 83, 78, 142, 146, 196, 202, 235, 218, 266, 239, 213, 192, 238, 281, 457, 477, 264, 284, 78, 1292, 1292, 1292, 1292, 1292, 1292, 1292, 1292, 1292, 1292, 79, 216, 79, 95, 129, 82, 82, 84, 1292, 1292, 1292, 1292, 1292, 1292, 1292, 1292, 66, 74, 66, 1292, 1292, 131, 116, 131, 110, 206, 980, 177, 560, 163, 69, 560, 163, 70, 70, 73, 70, 73, 371, 81, 78, 79, 76, 75, 97, 138, 129, 91, 131, 78, 78, 696, 78, 78, 74, 66, 171, 191, 73, 94, 75, 78, 92, 69, 75, 75, 85, 85, 86, 78, 83, 83, 84, 78, 213, 90, 78, 86, 66, 78, 240, 78, 1242, 78, 74, 66, 66, 583, 142, 146, 218, 213, 266, 91, 235, 110, 238, 89, 281, 239, 192, 74, 1242, 79, 66, 202, 100, 90, 95, 66, 66, 66, 583, 1242, 1242, 1354, 1354, 66, 66, 74, 66, 74, 66, 1354, 1354, 94, 66, 1354, 271, 66, 1354, 916, 66, 141, 130, 66, 1354, 1354, 1076, 66, 66, 680, 66, 66, 117, 78, 85, 86, 86, 83, 94, 150, 143, 143, 201, 66, 117, 66, 146, 163, 66, 114, 361, 42, 97, 66, 97, 66, 78, 74, 66, 583, 66, 305, 66, 66, 234, 1354, 66, 1354, 1078, 66, 1354, 291, 417, 400, 728, 97, 97, 78, 66, 163, 369, 369, 128, 66, 802, 78, 294, 66, 90, 898, 97, 146, 90, 78, 66, 278, 78, 66, 130, 158, 492, 66, 278, 66, 74, 130, 66, 74, 66, 66, 97, 66, 66, 101, 66, 66, 546, 97, 105, 66, 105, 105, 74, 583, 90, 66, 66, 66, 593, 66, 97, 66, 66, 66, 294, 314, 1011, 66, 66, 66, 131, 66, 66, 74, 66, 583, 135, 183, 241, 147, 92, 66, 931, 66, 101, 85, 84, 75, 77, 66, 130, 66, 1392, 132, 66, 107, 158, 130, 170, 177, 78, 78, 78, 74, 66, 66, 66, 463, 66, 1354, 998, 78, 66, 1354, 1062, 90, 78, 66, 1354, 130, 78, 66, 78, 1354, 104, 246, 74, 74, 66, 66, 78, 1354, 66, 74, 66, 175, 140, 90, 66, 66, 158, 78, 1354, 1354, 249, 1354, 1354, 249, 90, 583, 130, 1034, 66, 66, 97, 97, 66, 78, 78, 78, 78, 78, 78, 66, 78, 66, 1354, 246, 66, 66, 54, 54, 1242, 1354, 1354, 66, 74, 78, 66, 74, 74, 66, 66, 678, 66, 1354, 299, 66, 66, 1242, 74, 66, 74, 74, 66, 66, 1242, 1242, 1242, 583, 1242, 1242, 1242, 1242, 66, 81, 946, 1242, 1354, 1354, 66, 507, 756, 130, 81, 1354, 1354, 114, 66, 147, 78, 78, 175, 1354, 849, 1354, 849, 1354, 814, 517, 78, 78, 388, 408, 1354, 1242, 78, 1292, 1292, 124, 1288, 467, 321, 1292, 1292, 1292, 1292, 1354, 541, 78, 78, 78, 78, 78, 1354, 573, 1354, 1022, 1354, 1022, 1354, 535, 90, 78, 1292, 1292, 118, 1288, 1292, 731, 124, 1354, 1354, 1354, 1354, 1354, 1354, 1242, 690, 114, 1354, 1354, 175, 241, 105, 1354, 585, 354, 97, 66, 354, 90, 66, 722, 66, 78, 66, 78, 744, 66, 70, 66, 66, 138, 1292, 1292, 119, 334, 132, 130, 74, 74, 74, 74, 74, 66, 66, 78, 74, 74, 74, 90, 78, 66, 78, 66, 66, 1250, 1354, 78, 184, 78, 66, 78, 78, 78, 66, 78, 1354, 66, 66, 66, 66, 66, 66, 66, 66, 1354, 1354, 66, 66, 66, 78, 66, 1354, 1354, 82, 66, 66, 78, 1292, 1354, 1354, 1092, 1354, 1028, 1354, 875, 1354, 843, 1354, 503, 1354, 535, 1354, 567, 105, 1292, 1292, 1292, 1292, 82, 1292, 1242, 1354, 1354, 66, 82, 1292, 78, 78, 66, 66, 66, 78, 78, 78, 78, 278, 78, 66, 278, 66, 1354, 66, 1354, 130, 130, 165, 278, 66, 66, 66, 66, 66, 66, 66, 1354, 1354, 1354, 1354, 1354, 1312, 242, 66, 66, 78, 1354, 1354, 66, 66, 66, 78, 66, 1354, 130, 66, 408, 1354, 1354, 1354, 1354, 820, 1354, 1354, 1354, 1312, 66, 78, 66, 1354, 1354, 1354, 1292, 197, 42, 343, 1354, 242, 1242, 1242, 1354, 1354, 1354, 1354, 1354, 1354, 1292, 336, 986, 67, 994, 67, 66, 78, 1292, 65, 344, 672, 78, 652, 652, 261, 66, 1354, 66, 78, 60, 66, 1354, 1354, 1296, 66, 78, 120, 73, 1354, 247, 73, 120, 73, 1288, 1288, 66, 202, 140, 66, 158, 524, 171, 1354, 1354, 1354, 1354, 1354, 1320, 1354, 1354, 66, 147, 66, 66, 130, 66, 66, 66, 1354, 1354, 1354, 1321, 652, 1354, 261, 1354, 78, 1354, 78, 1354, 1354, 1354, 1354, 1354, 1319, 74, 66, 54, 54, 66, 54, 54, 66, 54, 78, 66, 242, 78, 86, 78, 162, 169, 197, 130, 71, 66, 78, 1354, 1354, 1317, 1317, 1317, 1317, 251, 54, 1064, 66, 132, 97, 66, 54, 66, 682, 66, 66, 54, 54, 54, 1354, 78, 78, 78, 78, 78, 78, 140, 78, 1038, 66, 66, 1354, 1354, 66, 97, 66, 74, 66, 1354, 66, 1026, 66, 66, 54, 54, 1354, 73, 66, 73, 158, 97, 97, 1292, 1292, 78, 78, 97, 1354, 979, 336, 1354, 966, 338, 567, 1354, 423, 343, 185, 726, 1354, 1354, 1354, 477, 444, 831, 832, 1354, 66, 1292, 1292, 122, 1354, 66, 1242, 729, 97, 757, 66, 674, 471, 97, 105, 674, 66, 66, 66, 66, 66, 66, 511, 1354, 532, 66, 66, 138, 97, 74, 66, 66, 66, 74, 1354, 66, 66, 66, 66, 82, 82, 1354, 1292, 1292, 66, 105, 304, 354, 411, 66, 66, 66, 1354, 66, 1242, 1242, 212, 1354, 66, 1242, 1354, 78, 66, 1312, 78, 1354, 66, 1354, 1292, 66, 1292, 111, 1288, 483, 1288, 109, 66, 1292, 344, 990, 79, 1354, 1354, 66, 74, 66, 66, 120, 73, 1126, 1354, 66, 1354, 66, 1354, 66, 168, 1354, 560, 163, 66, 73, 71, 70, 74, 1354, 66, 1354, 66, 1354, 66, 1354, 66, 1354, 66, 1354, 66, 1354, 66, 1354, 66, 1242, 1354, 66, 1354, 66, 1354, 81, 66, 1354, 66, 1354, 66, 1354, 66, 1354, 579, 66, 1354, 63, 42, 66, 77, 1354, 66, 1354, 66, 1242, 1242, 60, 1354, 66, 1354, 66, 1242, 350, 1354, 83, 66, 1354, 66, 1354, 66, 1354, 294, 66, 1354, 66, 314, 1354, 66, 1354, 66, 1354, 66, 675, 66, 1354, 66, 1354, 66, 1354, 1354, 66, 1354, 66, 1354, 66, 1354, 66, 1354, 66, 74, 1354, 66, 1354, 66, 1354, 66, 1354, 66, 83, 1354, 66, 270, 66, 90, 90, 66, 66, 66, 66, 115, 88, 802, 100, 1042, 94, 77, 73, 654, 163, 67, 78, 74, 376, 75, 76, 1294, 96, 400, 1292, 1292, 1292, 1292, 1292, 1292, 1292, 1292, 227, 76, 87, 70, 1354, 789, 1239, 169, 78, 171, 191, 892, 156, 839, 479, 207, 605, 66, 427, 586, 313, 586, 258, 584, 264, 97, 105, 97, 597, 243, 97, 97, 97, 97, 584, 251, 107, 936, 207, 892, 1292, 1292, 383, 1354, 1354, 1354, 692, 86, 161, 74, 68, 68, 68, 82, 78, 66, 74, 66, 66, 66, 1354, 66, 66, 66, 82, 84, 1292, 1292, 1292, 1292, 1292, 1292, 66, 1354, 1354, 1354, 1354, 1354, 1354, 1354, 776, 78, 603, 66, 1292, 278, 131, 66, 113, 77, 75, 1292, 79, 75, 79, 1288, 100, 1288, 1292, 246, 720, 283, 246, 158, 105, 164, 161, 166, 159, 156, 152, 163, 160, 171, 160, 130, 1292, 114, 545, 560, 163, 73, 66, 69, 69, 65, 559, 73, 70, 63, 70, 70, 145, 73, 652, 66, 70, 66, 73, 743, 66, 70, 560, 163, 69, 70, 70, 73, 73, 78, 232, 160, 75, 77, 69, 175, 130, 66, 1354, 878, 1354, 782, 78, 66, 1354, 1292, 1292, 1292, 124, 78, 66, 1354, 78, 1354, 804, 1292, 1292, 1292, 78, 557, 78, 82, 82, 1292, 1292, 66, 155, 1354, 405, 100, 178, 66, 78, 66, 82, 66, 66, 1354, 278, 1292, 1292, 66, 130, 278, 66, 583, 130, 78, 652, 66, 417, 1292, 77, 1292, 312, 346, 101, 988, 357, 165, 126, 120, 75, 73, 78, 1288, 1211, 78, 415, 212, 327, 652, 364, 269, 66, 1292, 286, 1354, 1354, 559, 66, 98, 66, 66, 66, 78, 78, 131, 112, 1288, 184, 184, 451, 130, 1044, 168, 65, 73, 67, 405, 396, 78, 71, 73, 305, 65, 365, 560, 163, 73, 73, 54, 66, 71, 68, 66, 69, 98, 77, 66, 66, 768, 283, 97, 105, 66, 105, 66, 98, 85, 588, 213, 77, 729, 66, 211, 70, 1354, 1354, 1354, 1354, 1354, 469, 66, 66, 93, 604, 66, 74, 109, 588, 98, 98, 66, 1287, 1194, 325, 1267, 78, 77, 534, 1354, 494, 296, 66, 66, 65, 151, 66, 116, 531, 78, 360, 97, 105, 66, 105, 534, 66, 1288, 1292, 129, 112, 85, 66, 66, 74, 69, 106, 66, 222, 66, 74, 70, 127, 1354, 787, 93, 66, 72, 391, 77, 66, 66, 1037, 149, 66, 130, 258, 97, 105, 294, 66, 314, 105, 66, 73, 376, 78, 278, 66, 130, 230, 66, 1184, 446, 652, 66, 97, 66, 66, 106, 603, 66, 78, 78, 374, 147, 69, 66, 132, 66, 66, 66, 78, 97, 251, 854, 213, 66, 66, 66, 155, 100, 66, 66, 66, 169, 66, 430, 66, 101, 531, 66, 66, 77, 90, 66, 78, 1354, 1354, 1354, 1348, 66, 66, 74, 66, 729, 66, 78, 604, 66, 228, 1292, 1292, 66, 1242, 1292, 1292, 118, 1292, 1292, 1242, 1242, 1242, 957, 1292, 93, 1322, 127, 123, 427, 1288, 527, 1322, 70, 145, 77, 1090, 1348, 66, 522, 66, 71, 91, 63, 66, 78, 85, 89, 98, 70, 150, 462, 76, 123, 77, 465, 83, 66, 825, 571, 158, 158, 151, 157, 154, 159, 152, 158, 154, 156, 153, 164, 74, 76, 83, 1354, 641, 86, 74, 79, 1354, 66, 87, 78, 98, 70, 70, 70, 70, 70, 70, 66, 70, 66, 94, 64, 617, 66, 1288, 1292, 1292, 1292, 1292, 1292, 1292, 1292, 142, 106, 215, 329, 191, 149, 164, 375, 161, 409, 378, 66, 73, 75, 73, 73, 79, 75, 77, 75, 75, 75, 78, 75, 78, 78, 78, 341, 124, 329, 1067, 105, 64, 97, 65, 124, 1354, 1354, 771, 1214, 1292, 87, 1204, 1292, 246, 623, 771, 64, 78, 66, 66, 78, 78, 80, 92, 80, 76, 80, 180, 75, 172, 77, 85, 66, 891, 74, 66, 85, 66, 66, 66, 66, 66, 66, 78, 1354, 1354, 980, 66, 66, 130, 158, 1354, 907, 583, 66, 82, 80, 80, 66, 167, 87, 66, 145, 145, 130, 169, 249, 292, 66, 97, 880, 1354, 1354, 1354, 1348, 1354, 1354, 1354, 695, 66, 66, 66, 66, 67, 66, 115, 654, 163, 517, 78, 107, 70, 74, 66, 1354, 66, 1354, 1354, 1354, 75, 66, 66, 107, 150, 66, 1037, 130, 680, 66, 130, 680, 66, 86, 78, 74, 80, 74, 66, 1292, 1292, 1292, 1354, 844, 1354, 1354, 1354, 1354, 104, 66, 66, 82, 1292, 1292, 78, 66, 1354, 1292, 1292, 1292, 78, 131, 115, 1057, 1354, 876, 82, 1292, 78, 1354, 1198, 1218, 292, 97, 322, 82, 83, 83, 1292, 78, 78, 98, 278, 560, 163, 69, 1292, 1288, 1292, 1218, 1242, 1292, 878, 78, 1292, 66, 74, 78, 77, 75, 79, 208, 212, 130, 76, 1288, 1292, 1292, 1292, 157, 264, 253, 74, 1292, 1292, 1292, 66, 66, 99, 97, 66, 1292, 216, 1292, 1292, 78, 66, 74, 78, 1354, 66, 1292, 1292, 1292, 1292, 66, 560, 163, 67, 198, 111, 66, 77, 77, 1292, 1292, 71, 1262, 652, 67, 67, 67, 67, 69, 78, 69, 69, 69, 66, 69, 278, 66, 130, 69, 67, 652, 66, 583, 66, 1354, 1354, 1059, 66, 66, 73, 66, 107, 66, 583, 180, 74, 66, 66, 78, 1342, 1342, 1342, 334, 106, 66, 1319, 66, 1354, 598, 583, 74, 66, 66, 66, 66, 66, 66, 66, 66, 481, 66, 66, 131, 216, 1354, 603, 78, 382, 1288, 66, 97, 105, 66, 98, 78, 237, 66, 1354, 1354, 986, 1354, 1354, 1354, 933, 66, 66, 130, 1354, 537, 74, 66, 105, 74, 66, 66, 106, 66, 66, 66, 1354, 1354, 66, 121, 66, 66, 145, 145, 66, 106, 629, 66, 66, 1354, 1308, 583, 583, 1354, 1354, 66, 1354, 1354, 1354, 66, 1354, 1354, 1354, 1354, 1354, 66, 66, 78, 66, 1354, 1354, 1354, 1354, 66, 139, 1354, 1354, 1059, 1354, 1029, 66, 66, 66, 66, 66, 162, 1354, 1354, 1354, 1354, 1354, 1354, 1354, 66, 66, 1354, 1354, 1354, 66, 66, 1354, 1354, 1354, 1354, 1354, 1354, 1354, 1354, 1354, 1354, 1354, 1354, 1354, 1354, 1354, 1354, 1354, 288, 66, 66, 66, 66, 66, 1354, 526, 1354, 78, 1354, 1354, 1354, 1354, 1354, 1354, 1354, 1354, 710, 845, 66, 66, 66, 66, 145, 145, 66, 74, 66, 1354, 1354, 466, 1354, 1354, 1354, 1354, 1354, 1354, 1354, 1354, 1354, 1354, 1354, 1354, 1354, 1354, 1354, 66, 1354, 1354, 1354, 66, 66, 1354, 1354, 1354, 1354, 1354, 1354, 1354, 66, 66, 146, 66, 1354, 1354, 1354, 1354, 1354, 1354, 1354, 1354, 1354, 1354, 1354, 1354, 1354, 66, 1354, 1354, 1354, 66, 66, 1354, 1354, 1354, 1354, 1354, 1354, 1354, 348, 66, 66, 353, 353, 66, 66, 447, 66, 583, 98, 66, 1354, 1354, 66, 98, 66, 300, 66, 1354, 1354, 66, 1342, 1342, 1342, 66, 130, 1342, 1342, 1342, 1342, 1342, 1342, 1342, 1342, 1342, 1044, 66, 98, 380, 66, 76, 110, 98, 78, 1354, 1354, 1354, 1354, 1354, 1354, 895, 1242, 70, 66, 98, 66, 74, 66, 66, 192, 121, 1354, 850, 106, 66, 66, 117, 135, 66, 66, 66, 98, 278, 66, 130, 158, 655, 66, 652, 66, 97, 97, 66, 326, 66, 1354, 160, 66, 1354, 1354, 1354, 1354, 1354, 1354, 1354, 1354, 1291, 66, 1354, 1354, 66, 66, 1354, 1354, 1354, 66, 66, 66, 1354, 1354, 1354, 1354, 1354, 1354, 1354, 1016, 1089, 1354, 1354, 1354, 1354, 1354, 1354, 1354, 66, 66, 66, 66, 66, 1354, 1354, 1354, 1354, 1354, 1016, 66, 66, 66, 1354, 1354, 66, 66, 1354, 1354, 1354, 1354, 1354, 1354, 1354, 66, 1354, 1354, 1354, 1354, 1354, 1354, 66, 66, 1354, 1354, 1354, 1354, 1354, 1354, 1289, 66, 66, 838, 104, 121, 98, 90, 98, 66, 156, 145, 105, 1289, 433, 105, 90, 66, 66, 78, 66, 66, 66, 78, 105, 78, 106, 66, 74, 66, 66, 104, 66, 1354, 800, 66, 66, 66, 284, 66, 130, 865, 66, 1354, 1354, 1354, 1354, 1354, 1354, 1354, 1354, 1354, 1354, 1354, 1354, 1354, 751, 1354, 1354, 1354, 1354, 1354, 1354, 66, 66, 1354, 1354, 1354, 66, 1354, 1354, 1354, 1354, 1354, 1354, 1354, 66, 1354, 1354, 1354, 1354, 1354, 1354, 1354, 1354, 1354, 1354, 1354, 1354, 1354, 1354, 1354, 1354, 1354, 1354, 951, 66, 66, 98, 66, 823, 66, 93, 66, 471, 97, 97, 66, 98, 66, 66, 653, 90, 66, 66, 66, 90, 66, 98, 383, 66, 54, 1264, 66, 130, 66, 84, 84, 144, 196, 209, 204, 1288, 110, 105, 98, 78, 159, 90, 105, 90, 80, 80, 66, 107, 1354, 1354, 192, 192, 66, 78, 70, 66, 165, 167, 66, 66, 70, 66, 66, 69, 90, 66, 66, 66, 940, 104, 66, 74, 86, 117, 171, 66, 66, 66, 66, 66, 490, 66, 98, 66, 1419, 1439, 54, 54, 213, 78, 74, 66, 490, 66, 98, 66, 583, 66, 1354, 1354, 66, 596, 66, 71, 78, 74, 66, 78, 70, 66, 98, 98, 66, 583, 66, 1354, 1354, 1354, 1348, 130, 1354, 1354, 1354, 1348, 189, 189, 127, 127, 79, 66, 66, 66, 66, 66, 66, 578, 66, 1354, 1354, 1076, 66, 66, 399, 97, 66, 97, 95, 194, 66, 477, 835, 95, 66, 194, 66, 419, 112, 82, 81, 139, 66, 1354, 1354, 1354, 1354, 80, 66, 66, 66, 81, 66, 146, 1333, 1354, 82, 82, 435, 156, 156, 66, 78, 167, 369, 66, 87, 139, 66, 369, 128, 263, 252, 66, 107, 66, 339, 1242, 1242, 1242, 1242, 1242, 70, 73, 148, 66, 1244, 854, 70, 121, 66, 106, 66, 78, 472, 100, 70, 70, 74, 66, 74, 583, 1354, 1354, 1354, 1354, 80, 66, 1354, 1354, 1078, 1242, 66, 66, 1354, 1354, 1354, 755, 66, 66, 66, 1242, 1242, 1242, 90, 1331, 97, 437, 66, 97, 66, 80, 90, 78, 1354, 1354, 1354, 1354, 66, 732, 255, 77, 83, 146, 281, 674, 369, 369, 128, 66, 209, 77, 437, 78, 78, 78, 83, 74, 66, 239, 1242, 1241, 97, 666, 1354, 73, 1292, 1292, 122, 1292, 1292, 1292, 1292, 1242, 1354, 1354, 1354, 66, 72, 90, 1354, 66, 1354, 1354, 74, 788, 66, 66, 66, 148, 66, 78, 97, 66, 67, 82, 1292, 1292, 1292, 1292, 1292, 1242, 1242, 90, 1292, 343, 68, 991, 120, 75, 73, 1288, 1292, 352, 124, 140, 1242, 1242, 1242, 1242, 1354, 78, 1210, 168, 67, 67, 71, 73, 243, 104, 66, 583, 84, 66, 1354, 1354, 158, 70, 66, 90, 1354, 1354, 244, 104, 66, 66, 1354, 1354, 66, 1354, 1354, 66, 1242, 81, 66, 1354, 1354, 1354, 694, 66, 78, 1242, 941, 74, 66, 1288, 73, 1292, 116, 501, 1292, 348, 359, 77, 77, 121, 65, 66, 106, 66, 66, 322, 66, 98, 1354, 123, 66, 1354, 1354, 1354, 1348, 78, 81, 78, 66, 66, 74, 66, 583, 78, 66, 78, 441, 461, 66, 66, 1354, 1354, 107, 66, 66, 42, 1354, 74, 66, 1354, 336, 336, 90, 60, 1348, 1354, 597, 1354, 1242, 78, 78, 78, 66, 78, 66, 78, 114, 1354, 1354, 78, 66, 74, 74, 74, 78, 66, 66, 66, 1354, 185, 66, 1242, 66, 78, 66, 66, 66, 1242, 1242, 66, 82, 247, 82, 1354, 702, 66, 202, 213, 363, 66, 583, 78, 84, 161, 86, 1242, 1242, 1242, 1242, 66, 1354, 1354, 1354, 298, 1023, 74, 66, 66, 104, 66, 90, 66, 98, 141, 66, 106, 66, 79, 85, 583, 66, 115, 1354, 1354, 66, 1354, 301, 66, 654, 163, 1354, 1354, 1354, 1354, 80, 114, 130, 78, 583, 1354, 1354, 305, 305, 107, 66, 66, 78, 66, 78, 583, 680, 66, 66, 74, 66, 66, 1354, 1354, 66, 1354, 1354, 66, 66, 80, 1354, 299, 1354, 299, 66, 66, 583, 98, 66, 1342, 1342, 66, 1053, 66, 332, 66, 139, 78, 74, 66, 583, 66, 78, 583, 74, 66, 284, 54, 476, 97, 66, 101, 66, 66, 542, 66, 1342, 1342, 66, 272, 1052, 66, 583, 66, 141, 66, 66, 66, 66, 1354, 1354, 66, 146, 78, 97, 66, 1354, 548, 66, 78, 1354, 1354, 1354, 298, 1023, 66, 66, 1354, 1354, 1354, 298, 1024, 1354, 336, 66, 66, 66, 78, 1242, 74, 66, 66, 369, 369, 66, 583, 1354, 271, 66, 66, 141, 1354, 1354, 1077, 66, 66, 453, 66, 117, 66, 1024, 78, 66, 117, 66, 1354, 1354, 1354, 1348, 66, 66, 66, 164, 66, 114, 146, 369, 369, 128, 66, 66, 306, 66, 234, 609, 66, 1354, 66, 1354, 114, 66, 66, 1354, 66, 296, 66, 1354, 114, 66, 1354, 66, 1354, 1354, 66, 1354, 106, 66, 1354, 1354, 66, 756, 66, 167, 501, 1327, 97, 653, 121, 213, 692, 243, 1354, 501, 70, 167, 298, 78, 1354, 81, 81, 471, 97, 1288, 1292, 1292, 1292, 1292, 1292, 1292, 1292, 1292, 1292, 1292, 1292, 1292, 1292, 1292, 1292, 1292, 1292, 1292, 1292, 1292, 1292, 1292, 1292, 1292, 1292, 1292, 1292, 1292, 1292, 1292, 1292, 326, 1292, 1292, 1292, 1292, 1292, 1292, 501, 1354, 78, 1354, 130, 1292, 162, 162, 70, 70, 1262, 1282, 66, 66, 66, 106, 78, 97, 106, 66, 66, 66, 97, 78, 78, 143, 74, 70, 69, 65, 214, 65, 65, 66, 203, 65, 65, 65, 65, 66, 1354, 1354, 1354, 1354, 1044, 66, 66, 66, 66, 66, 1292, 1292, 1292, 1292, 1292, 66, 65, 65, 65, 65, 65, 65, 65, 65, 65, 66, 66, 68, 66, 78, 1292, 1292, 78, 78, 66, 66, 106, 66, 1292, 1292, 73, 68, 68, 68, 1292, 1292, 68, 1292, 1292, 1292, 1292, 68, 66, 1292, 1292, 1292, 1292, 1292, 1292, 66, 66, 1292, 1292, 72, 1292, 1292, 1292, 1292, 1292, 1292, 1292, 1292, 1292, 1292, 66, 66, 66, 1292, 1292, 66, 71, 1292, 1292, 1292, 1292, 1292, 1292, 1292, 1292, 66, 1292, 1292, 1292, 1292, 1292, 1292, 1292, 1292, 66, 66, 66, 1292, 1292, 66, 1292, 1292, 1292, 1292, 1292, 1292, 66, 1292, 1292, 1292, 1292, 1292, 1292, 1292, 1292, 1292, 1292, 1292, 1292, 67, 1292, 1292, 1292, 1292, 1292, 1292, 1292, 1292, 1292, 1292, 583, 66, 66, 1292, 1292, 1292, 1292, 1292, 1292, 1292, 1292, 1292, 1292, 1292, 1292, 1292, 1292, 1292, 1292, 1292, 1292, 1292, 1292, 66, 1292, 1292, 1292, 1292, 383, 66, 66, 1292, 1292, 1292, 1292, 1292, 1292, 1292, 1292, 1292, 1292, 1292, 1292, 1292, 1292, 67, 105, 1292, 1292, 1292, 1292, 1292, 1292, 66, 1292, 1292, 1292, 1292, 1292, 1292, 1292, 1292, 1292, 1292, 1292, 66, 67, 1354, 67, 66, 1292, 1292, 1292, 1292, 1292, 1292, 1292, 1292, 67, 72, 1292, 1292, 1292, 1292, 1292, 1292, 1292, 1292, 92, 1292, 1292, 1292, 1292, 1292, 1292, 1292, 1292, 1292, 1292, 159, 67, 68, 73, 1292, 1292, 1292, 1292, 1292, 1292, 1292, 1292, 1292, 1292, 1292, 1292, 1292, 1292, 1292, 1292, 1292, 66, 1354, 1354, 1354, 1354, 1354, 1354, 1354, 1354, 66, 159, 1354, 1354, 1354, 1354, 1016, 67, 1089, 1354, 1354, 66, 66, 1292, 1292, 67, 67, 67, 66, 168, 66, 67, 1292, 1292, 1292, 1292, 1292, 1292, 1292, 1292, 1292, 1292, 1292, 1292, 1292, 1292, 1292, 1292, 1292, 1292, 1292, 1292, 1292, 1292, 1292, 1292, 1292, 1292, 1292, 1292, 1292, 1292, 1292, 1292, 1292, 1292, 1292, 1292, 1292, 1292, 1292, 1292, 67, 1354, 1354, 82, 66, 1292, 1292, 159, 1292, 1292, 1292, 1292, 1292, 1292, 1292, 1292, 1292, 1292, 1292, 1292, 67, 1292, 1292, 67, 68, 67, 1292, 1292, 1292, 1292, 1292, 1292, 1292, 1292, 1292, 1292, 1292, 1292, 67, 117, 67, 66, 1292, 1292, 1292, 1292, 1292, 1292, 1292, 1292, 1292, 1292, 1292, 1292, 67, 1292, 1292, 1292, 1292, 1292, 618, 1285, 1292, 1292, 1292, 1292, 1292, 1292, 1292, 1292, 1292, 159, 1292, 1292, 1292, 1292, 1292, 1292, 1292, 1292, 1292, 1292, 1292, 1292, 1292, 1354, 1354, 1354, 1354, 1354, 1354, 1354, 1354, 1354, 1354, 1354, 1354, 1016, 1354, 1354, 1354, 1354, 1354, 1354, 1354, 1354, 1354, 66, 66, 1354, 1354, 1354, 66, 1016, 1354, 1354, 1354, 1354, 1354, 1354, 67, 67, 66, 1292, 1292, 1292, 1292, 1292, 1292, 1292, 1292, 1292, 1292, 1292, 1292, 1292, 67, 68, 1292, 1292, 811, 72, 1354, 1354, 1354, 339, 67, 67, 68, 66, 67, 68, 188, 66, 115, 66, 1354, 413, 152, 66, 66, 1354, 1354, 1354, 1354, 1354, 1327, 117, 66, 66, 66, 117, 66, 78, 75, 1354, 1354, 1354, 1348, 66, 66, 117, 66, 1207, 54, 54, 66, 1121, 1354, 66, 1354, 66, 363, 66, 114, 1354, 1354, 66, 1354, 1354, 66, 66, 1354, 1354, 66, 1354, 1354, 66, 1354, 1354, 66, 134, 1354, 1354, 66, 79, 1354, 1354, 1354, 1354, 1354, 1354, 1233, 74, 332, 66, 66, 66, 1354, 1354, 67, 66, 1354, 1354, 113, 66, 1354, 90, 66, 583, 66, 1354, 1354, 66, 1354, 1354, 66, 483, 98, 98, 78, 1354, 1354, 1354, 1348, 98, 1354, 1354, 1354, 729, 130, 66, 66, 66, 66, 66, 66, 66, 66, 66, 66, 66, 66, 66, 66, 66, 66, 66, 496, 113, 583, 483, 1354, 130, 100, 83, 484, 78, 78, 80, 1207, 583, 560, 80, 78, 78, 78, 1354, 167, 87, 583, 107, 548, 66, 66, 66, 66, 66, 66, 66, 66, 66, 78, 66, 66, 113, 69, 66, 66, 1354, 255, 609, 593, 255, 982, 66, 593, 1354, 1354, 1354, 298, 1354, 939, 939, 1354, 982, 66, 78, 66, 78, 66, 78, 78, 66, 78, 1354, 1354, 1354, 1354, 1354, 1354, 1354, 1354, 1136, 66, 78, 78, 78, 1252, 1354, 1252, 1354, 66, 66, 78, 78, 78, 66, 66, 1354, 1354, 1348, 66, 66, 1252, 1354, 148, 191, 66, 212, 78, 66, 249, 74, 74, 66, 78, 66, 74, 78, 66, 78, 66, 78, 74, 78, 78, 74, 66, 74, 66, 66, 66, 85, 74, 78, 66, 78, 78, 78, 66, 66, 78, 66, 66, 66, 66, 66, 66, 66, 66, 66, 66, 66, 66, 78, 66, 66, 66, 106, 1342, 1342, 66, 66, 66, 66, 66, 66, 66, 66, 66, 66, 66, 78, 90, 54, 78, 66, 54, 1354, 1354, 1354, 1354, 66, 1354, 1354, 1052, 66, 66, 66, 66, 583, 173, 1354, 1354, 66, 368, 141, 1354, 1354, 1354, 1354, 1354, 1354, 1354, 1354, 66, 66, 66, 66, 66, 1354, 1354, 1076, 66, 1354, 114, 1354, 1354, 90, 66, 1354, 1354, 1354, 1354, 1354, 1354, 70, 66, 54, 54, 66, 66, 66, 540, 66, 54, 54, 66, 1354, 1354, 66, 1354, 1354, 1354, 583, 66, 66, 66, 1354, 66, 1354, 1354, 66, 66, 1354, 1354, 66, 1354, 66, 583, 1354, 1354, 66, 66, 66, 1354, 1354, 66, 66, 1354, 78, 74, 66, 1354, 1354, 1354, 1077, 1354, 1354, 1354, 1354, 1354, 66, 363, 66, 66, 66, 66, 66, 66, 583, 1354, 1354, 66, 66, 1354, 1354, 1354, 1354, 1354, 66, 66, 66, 66, 1354, 66, 1354, 66, 1354, 66, 1354, 66, 97, 1354, 1354, 1354, 1354, 694, 203, 1354, 1354, 1354, 1354, 1354, 1354, 66, 66, 66, 78, 66, 66, 66, 1354, 1354, 1354, 1354, 1354, 1354, 129, 1354, 1354, 78, 1354, 97, 1354, 1354, 1354, 1342, 1342, 66, 66, 66, 66, 66, 1354, 74, 66, 66, 1354, 1354, 1354, 1354, 1354, 66, 66, 66, 1354, 1354, 66, 198, 66, 1354, 66, 1354, 1354, 66, 66, 1051, 1354, 66, 66, 1354, 1354, 1354, 66, 66, 1354, 66, 66, 66, 1354, 66, 74, 1354, 1354, 1354, 66, 66, 1354, 66, 203, 66, 1354, 66, 1354, 66, 1354, 1354, 1354, 1354, 66, 66, 66, 1354, 66, 1354, 66, 1354, 66, 1354, 1354, 1354, 1354, 1354, 1354, 1354, 1354, 66, 66, 66, 66, 1354, 1354, 1354, 66, 66, 66, 1354, 66, 1354, 66, 198, 66, 1354, 66, 1354, 1354, 1354, 66, 66, 66, 1354, 66, 196, 66, 1354, 66, 1354, 1354, 66, 1354, 1354, 78, 66, 66, 1292, 374, 138, 1354, 1354, 1354, 231, 1354, 1354, 1354, 1354, 1354, 66, 66, 66, 66, 1354, 1354, 1354, 73, 66, 66, 66, 77, 1292, 347, 138, 73, 293, 1354, 1354, 66, 77, 66, 1354, 1354, 1354, 66, 66, 66, 1354, 1354, 1354, 66, 66, 1354, 1354, 66, 66, 210, 66, 1354, 1354, 1354, 1354, 122, 66, 66, 66, 66, 1354, 1354, 1354, 65, 1354, 1354, 66, 78, 66, 66, 1354, 1354, 66, 1354, 66, 1354, 1354, 1354, 66, 66, 66, 192, 66, 959, 1354, 66, 583, 66, 1354, 1354, 66, 66, 1354, 1354, 66, 66, 1354, 74, 66, 66, 1354, 1354, 66, 66, 216, 66, 1354, 1354, 1354, 1354, 66, 66, 66, 1354, 66, 1354, 1354, 66, 66, 66, 1354, 1354, 1354, 66, 66, 66, 1354, 1354, 66, 66, 1354, 66, 1354, 1354, 222, 66, 66, 66, 1354, 66, 66, 66, 66, 1354, 1354, 1354, 66, 66, 66, 1354, 1354, 1354, 66, 66, 66, 221, 66, 377, 1354, 1354, 1354, 66, 66, 66, 1354, 1354, 1354, 1354, 1354, 66, 66, 66, 1354, 211, 66, 66, 694, 78, 1354, 1354, 1354, 1354, 1354, 1354, 1354, 1354, 1354, 1354, 1354, 1354, 66, 66, 66, 66, 66, 1354, 1354, 1354, 66, 66, 66, 583, 207, 1354, 1354, 1354, 66, 66, 66, 66, 1354, 1354, 1354, 66, 66, 66, 1354, 1354, 1354, 66, 66, 66, 1354, 1354, 1354, 193, 66, 66, 66, 66, 66, 1354, 66, 69, 1354, 1354, 1354, 66, 1354, 1354, 1354, 1354, 1354, 1354, 66, 66, 66, 1354, 1354, 1354, 66, 66, 66, 66, 85, 1354, 1354, 1354, 1354, 1354, 1354, 203, 66, 66, 66, 66, 1354, 66, 1354, 1354, 1354, 1354, 1354, 1354, 1354, 1354, 190, 66, 66, 66, 66, 1354, 1354, 1354, 695, 1354, 1354, 1354, 1354, 1354, 1354, 66, 66, 66, 66, 1354, 1354, 1354, 1354, 192, 1354, 1354, 1354, 1354, 1354, 1354, 1354, 1354, 66, 66, 66, 66, 1354, 1354, 1354, 1354, 1354, 1354, 66, 66, 66, 66, 66, 109, 146, 66, 1354, 1354, 1354, 1348, 103, 66, 73, 66, 146, 1288, 1292, 1292, 1292, 1292, 1292, 1292, 1292, 1292, 1292, 1292, 1292, 1292, 1292, 1292, 1292, 1292, 1292, 1292, 1292, 1292, 1292, 66, 1288, 1292, 1292, 1292, 683, 1288, 1292, 1292, 1292, 512, 586, 82, 85, 583, 130, 66, 1354, 1354, 1354, 416, 267, 83, 82, 362, 82, 114, 292, 322, 66, 66, 84, 84, 86, 78, 66, 66, 85, 86, 85, 85, 79, 79, 83, 78, 78, 74, 1354, 109, 1354, 80, 362, 103, 146, 114, 80, 1288, 66, 583, 66, 75, 1354, 1354, 1354, 1354, 1354, 1354, 66, 66, 66, 1354, 1354, 1354, 1354, 1354, 1354, 1354, 74, 1354, 74, 1354, 1354, 1354, 1354, 1354, 1354, 805, 1354, 74, 74, 582, 805, 590, 107, 1354, 1354, 1354, 106, 590, 69, 66, 78, 78, 66, 78, 78, 66, 78, 78, 70, 66, 78, 78, 66, 85, 85, 66, 209, 66, 66, 66, 369, 369, 128, 70, 212, 201, 209, 233, 95, 247, 204, 143, 165, 202, 68, 68, 68, 334, 78, 211, 680, 66, 129, 66, 66, 66, 66, 1346, 66, 1354, 78, 1354, 106, 138, 222, 66, 135, 1346, 68, 69, 65, 167, 78, 74, 78, 73, 97, 1354, 1354, 70, 1354, 1354, 72, 69, 65, 65, 74, 67, 1354, 1354, 66, 66, 66, 66, 66, 66, 66, 66, 65, 1354, 1354, 1078, 1354, 1354, 1354, 1354, 66, 1354, 1354, 66, 1354, 1354, 66, 66, 66, 66, 66, 66, 73, 97, 66, 1354, 1354, 1354, 74, 1346, 1354, 1354, 1354, 1354, 1354, 74, 1354, 74, 78, 66, 66, 66, 54, 54, 54, 1354, 74, 1346, 78, 78, 1354, 74, 78, 1346, 1346, 1346, 66, 66, 66, 75, 1354, 74, 1354, 1354, 1354, 74, 1354, 74, 1346, 1346, 66, 66, 66, 1346, 1354, 1354, 1354, 1354, 1354, 1354, 1354, 1354, 1354, 74, 54, 66, 66, 66, 1346, 1354, 1354, 1354, 1354, 78, 1354, 1354, 1354, 1354, 1354, 1354, 66, 66, 66, 54, 1354, 1354, 1354, 74, 1354, 1354, 66, 66, 1354, 1354, 1346, 1354, 1354, 1354, 1354, 1354, 74, 1354, 1354, 1354, 1354, 1346, 66, 66, 66, 213, 1354, 1354, 1354, 1354, 1354, 1354, 1354, 74, 1354, 1354, 66, 66, 66, 583, 1354, 1354, 66, 1346, 1354, 1354, 1354, 1354, 1354, 1354, 1354, 1354, 1354, 1354, 1354, 1354, 1354, 66, 66, 66, 1292, 83, 1354, 122, 1354, 1354, 1354, 1354, 225, 1354, 1298, 1354, 1354, 1354, 978, 66, 66, 66, 66, 66, 1354, 105, 66, 66, 83, 1354, 1354, 1354, 1354, 1077, 1354, 1354, 1354, 1354, 1354, 66, 66, 66, 66, 1354, 1354, 122, 66, 66, 1354, 1354, 1354, 1354, 1354, 1354, 1354, 1354, 1298, 1354, 1354, 1354, 1354, 1354, 1354, 281, 1354, 1354, 1354, 66, 66, 66, 239, 1354, 66, 1354, 1354, 1354, 1354, 1354, 1354, 1354, 1354, 178, 1354, 1354, 1354, 1354, 1242, 1354, 1354, 1354, 1354, 1354, 66, 66, 66, 78, 97, 66, 1354, 1354, 1354, 1354, 1354, 1354, 1354, 1354, 114, 1354, 114, 1354, 1354, 1354, 114, 1354, 1306, 1354, 1306, 1306, 1354, 1354, 1354, 1354, 1354, 1354, 1354, 1354, 1354, 1354, 114, 1354, 1354, 1354, 66, 66, 66, 94, 1354, 1306, 1354, 1354, 1354, 1354, 1354, 1354, 1354, 1354, 1354, 1354, 1354, 1354, 1354, 1354, 1354, 66, 66, 66, 83, 1354, 1354, 1354, 1354, 1354, 1354, 1354, 1354, 1354, 1354, 1354, 1354, 66, 66, 66, 66, 1354, 1354, 66, 83, 1354, 1354, 1354, 1354, 1354, 1354, 1354, 1354, 1354, 154, 1354, 1354, 253, 66, 66, 66, 74, 98, 86, 1354, 1354, 1354, 1354, 1354, 106, 1354, 1354, 1354, 106, 1266, 1314, 66, 1354, 106, 1354, 106, 1314, 1354, 1354, 66, 66, 66, 1354, 1354, 1314, 66, 66, 66, 78, 66, 1354, 106, 1354, 106, 66, 1354, 1354, 264, 90, 1354, 1354, 1314, 1314, 337, 1354, 1354, 337, 1354, 1354, 150, 1314, 102, 1354, 106, 1354, 1354, 66, 66, 66, 66, 1354, 1354, 1314, 1354, 1354, 1354, 1354, 1354, 1354, 1354, 1354, 1354, 1354, 1354, 1354, 66, 66, 66, 1354, 138, 66, 1282, 1354, 1018, 66, 66, 1354, 1354, 66, 1354, 1002, 66, 85, 85, 84, 92, 266, 238, 76, 236, 1284, 66, 337, 131, 66, 76, 75, 75, 107, 148, 131, 382, 1241, 97, 66, 105, 66, 1292, 105, 1292, 67, 66, 91, 97, 146, 369, 369, 128, 66, 86, 87, 161, 171, 66, 87, 71, 66, 78, 1354, 1354, 1354, 1348, 105, 90, 66, 1354, 83, 97, 696, 1354, 1354, 1354, 1348, 97, 84, 200, 733, 97, 84, 131, 97, 78, 101, 1292, 296, 78, 898, 76, 76, 1133, 1288, 1292, 1292, 1292, 1292, 175, 986, 1288, 1292, 1292, 1292, 1292, 122, 1133, 1288, 1026, 66, 66, 1292, 1242, 1242, 66, 66, 66, 70, 70, 77, 73, 73, 77, 73, 73, 73, 75, 77, 79, 172, 66, 66, 66, 66, 66, 67, 66, 66, 66, 66, 177, 158, 161, 196, 66, 216, 66, 66, 66, 97, 66, 78, 132, 183, 66, 66, 69, 65, 73, 74, 66, 74, 66, 1354, 573, 1354, 541, 78, 66, 1354, 1354, 1354, 1354, 1354, 1354, 1311, 66, 66, 66, 66, 130, 276, 1354, 1354, 1354, 1354, 1354, 1310, 78, 66, 74, 66, 66, 130, 74, 276, 66, 66, 603, 66, 74, 66, 879, 1288, 821, 66, 603, 66, 70, 155, 100, 66, 66, 66, 66, 66, 155, 100, 66, 215, 77, 264, 89, 89, 105, 149, 1292, 1292, 78, 860, 66, 1242, 1292, 583, 89, 89, 283, 583, 1292, 71, 1242, 1354, 130, 97, 557, 97, 78, 78, 213, 82, 82, 583, 78, 78, 105, 1292, 90, 66, 101, 66, 66, 111, 66, 75, 75, 82, 66, 1419, 1439, 82, 71, 255, 389, 97, 78, 42, 1242, 1242, 66, 1292, 217, 125, 76, 217, 1354, 1354, 1354, 1354, 1354, 1166, 97, 66, 97, 60, 246, 66, 78, 66, 105, 66, 1292, 66, 77, 73, 106, 418, 145, 205, 149, 1354, 1354, 216, 148, 205, 1354, 1354, 1354, 1354, 66, 66, 66, 66, 74, 66, 66, 66, 66, 66, 94, 634, 66, 107, 74, 97, 67, 1354, 394, 402, 66, 66, 1242, 66, 1354, 1354, 1242, 1354, 1354, 74, 74, 1242, 66, 1354, 1354, 78, 1354, 1354, 1242, 66, 66, 66, 66, 66, 66, 66, 66, 666, 1354, 1354, 1354, 1354, 1354, 1354, 1354, 1354, 1354, 1354, 1354, 66, 851, 66, 66, 66, 602, 1354, 1354, 1354, 1354, 1354, 1354, 1354, 1354, 1354, 1354, 1050, 1354, 1050, 67, 66, 66, 66, 74, 66, 1354, 1354, 1354, 1354, 1354, 1354, 1354, 370, 1354, 1354, 1354, 1354, 1354, 370, 1354, 1354, 1354, 66, 66, 66, 66, 66, 1354, 66, 1354, 1354, 1354, 1354, 1242, 1242, 66, 1354, 1354, 1354, 1354, 66, 1354, 98, 66, 1354, 1354, 66, 300, 1354, 1354, 1354, 1354, 1354, 66, 66, 66, 66, 66, 1354, 107, 1354, 66, 66, 66, 66, 66, 130, 130, 158, 158, 533, 533, 1354, 1354, 1354, 1354, 1354, 1354, 1354, 1354, 107, 1354, 1354, 1354, 66, 1050, 1180, 1354, 66, 66, 66, 66, 66, 66, 66, 66, 130, 66, 130, 1354, 1354, 338, 1354, 1354, 1354, 1354, 1354, 1354, 1354, 1354, 1354, 1354, 1354, 1354, 1354, 82, 1354, 66, 66, 66, 1354, 1354, 384, 1354, 1354, 1354, 1354, 1354, 1354, 1354, 1354, 66, 66, 66, 66, 66, 245, 128, 1354, 1354, 1354, 1354, 1354, 1354, 1338, 66, 66, 131, 66, 66, 66, 66, 66, 66, 97, 97, 1354, 1354, 66, 1354, 1354, 543, 66, 1354, 82, 245, 1354, 1354, 66, 97, 128, 1354, 1338, 1354, 272, 66, 66, 66, 66, 66, 66, 1354, 1354, 1354, 1354, 710, 1354, 1354, 1354, 1354, 1354, 66, 66, 66, 66, 1354, 1354, 1354, 66, 66, 1354, 1354, 66, 66, 1354, 90, 1354, 66, 78, 66, 1354, 1354, 1354, 1354, 66, 1354, 1354, 1354, 1354, 1354, 1330, 1354, 1354, 1354, 1354, 66, 66, 66, 74, 1354, 1354, 1354, 1354, 1354, 1354, 1354, 1354, 133, 1354, 1354, 1354, 1354, 1354, 1354, 1354, 1354, 1354, 1354, 1354, 1354, 1354, 1348, 66, 66, 66, 66, 1354, 1354, 1354, 66, 66, 1354, 74, 1354, 1354, 1354, 72, 66, 66, 66, 66, 66, 66, 110, 1354, 90, 1354, 1354, 1354, 1354, 1354, 1354, 1354, 66, 66, 66, 66, 1354, 1354, 1354, 66, 66, 1354, 1354, 279, 1354, 1354, 1330, 1354, 1354, 1354, 1354, 1354, 1354, 1354, 66, 66, 1354, 1354, 66, 66, 66, 66, 79, 1354, 1354, 1354, 1354, 1354, 1354, 1354, 1354, 66, 66, 66, 1354, 1354, 1354, 1354, 1354, 1354, 1354, 1354, 1354, 1354, 1354, 1354, 1354, 1354, 66, 66, 66, 1354, 549, 78, 1354, 1354, 1354, 1354, 1354, 1354, 1354, 1354, 1354, 66, 66, 66, 1354, 1354, 1354, 66, 1354, 1354, 66, 66, 1354, 1354, 1354, 1354, 1354, 1354, 1354, 298, 1354, 1354, 1354, 1354, 1354, 78, 66, 66, 66, 1354, 1354, 1354, 1354, 1354, 1024, 1354, 1354, 1354, 1354, 1354, 1354, 1354, 1354, 1354, 66, 66, 66, 66, 66, 1354, 1354, 1354, 1354, 1354, 1354, 1354, 1354, 66, 66, 66, 1354, 1354, 1354, 1354, 74, 1354, 1354, 1354, 271, 1354, 1354, 1354, 1354, 66, 66, 1354, 1354, 1354, 674, 66, 66, 66, 66, 66, 1354, 1354, 1354, 1354, 1354, 1354, 1354, 1354, 66, 66, 66, 1354, 806, 1354, 1354, 1354, 1354, 1354, 1354, 1354, 1354, 66, 66, 66, 84, 1354, 1354, 66, 1354, 1354, 66, 78, 42, 1354, 1354, 66, 87, 1354, 1354, 66, 1354, 1354, 1354, 66, 66, 1354, 1354, 1354, 659, 1354, 1354, 1354, 1354, 42, 169, 66, 1354, 1354, 66, 78, 66, 66, 1354, 153, 66, 107, 140, 158, 1354, 1344, 182, 66, 66, 107, 66, 1054, 66, 97, 66, 67, 97, 66, 130, 66, 1354, 1354, 1354, 150, 1348, 66, 723, 66, 578, 66, 66, 66, 66, 1354, 597, 66, 66, 167, 127, 1016, 66, 66, 66, 66, 66, 528, 66, 66, 91, 66, 86, 89, 213, 159, 70, 111, 66, 66, 66, 86, 78, 153, 54, 117, 66, 74, 66, 583, 554, 78, 100, 83, 97, 79, 79, 93, 93, 84, 84, 86, 1331, 204, 76, 355, 1354, 1354, 1354, 1348, 141, 1242, 84, 92, 583, 66, 73, 84, 66, 1288, 459, 84, 75, 69, 69, 82, 66, 1354, 1354, 66, 1354, 298, 1354, 939, 1354, 100, 380, 97, 105, 105, 939, 66, 706, 642, 1242, 107, 1354, 1354, 1354, 557, 97, 97, 1354, 706, 642, 78, 66, 148, 191, 78, 66, 66, 78, 66, 66, 78, 78, 70, 70, 66, 164, 196, 1354, 66, 129, 169, 109, 95, 236, 209, 131, 337, 169, 66, 106, 66, 212, 204, 209, 85, 135, 85, 1242, 66, 74, 69, 66, 78, 105, 54, 54, 66, 1242, 1242, 66, 117, 74, 117, 66, 78, 66, 66, 106, 78, 78, 83, 163, 138, 334, 66, 233, 74, 78, 74, 86, 81, 77, 75, 102, 94, 109, 90, 209, 219, 170, 114, 66, 66, 106, 66, 236, 522, 146, 66, 66, 1354, 1354, 1354, 1348, 66, 66, 174, 66, 130, 305, 66, 234, 66, 1354, 1354, 1354, 380, 66, 337, 337, 128, 296, 66, 66, 294, 66, 97, 78, 1354, 1354, 1354, 1348, 66, 66, 66, 66, 110, 66, 66, 1339, 66, 66, 66, 97, 1242, 98, 98, 66, 1242, 86, 1242, 496, 78, 78, 66, 1242, 583, 66, 66, 146, 78, 1354, 1354, 1354, 66, 1354, 1354, 1354, 1354, 1354, 1354, 66, 1354, 1354, 1255, 1354, 1354, 727, 97, 1255, 66, 66, 97, 66, 78, 66, 78, 66, 66, 1354, 66, 1354, 189, 1354, 1354, 1354, 1354, 1354, 1354, 66, 1354, 778, 714, 1354, 746, 189, 171, 1354, 1354, 1354, 131, 1354, 1354, 1354, 66, 66, 66, 66, 66, 66, 66, 1354, 1354, 1354, 369, 369, 1354, 1354, 1354, 1242, 1145, 1242, 1354, 66, 66, 66, 66, 66, 1354, 1354, 1354, 1354, 1354, 1354, 1354, 1242, 1242, 1242, 66, 66, 66, 1354, 1354, 1354, 1354, 1354, 1354, 66, 66, 1354, 1354, 1354, 1354, 1354, 1354, 1354, 1354, 1354, 1354, 1354, 754, 1354, 1354, 1354, 1354, 1354, 1354, 1354, 1354, 1354, 66, 66, 66, 66, 1354, 666, 1354, 1354, 1342, 1342, 74, 1354, 1354, 1354, 1354, 66, 66, 66, 66, 74, 1354, 1354, 1354, 1354, 1354, 1354, 1354, 1354, 66, 66, 66, 1242, 1242, 1354, 66, 66, 66, 1354, 1242, 1242, 1242, 1242, 1354, 106, 1354, 1354, 106, 1314, 1354, 1354, 1314, 1354, 106, 66, 66, 66, 66, 1354, 1354, 1354, 66, 66, 1354, 1354, 1354, 1354, 1354, 1354, 1354, 1354, 1354, 1354, 1354, 1354, 1354, 66, 66, 66, 66, 1354, 1354, 1354, 1354, 1354, 1354, 1354, 1354, 794, 1354, 66, 66, 66, 1354, 1052, 1354, 1354, 1354, 1354, 1314, 1354, 666, 1354, 1354, 1354, 1354, 1354, 1354, 1354, 66, 66, 66, 66, 1354, 1354, 106, 1314, 1354, 1354, 1354, 1354, 1354, 1354, 1354, 1354, 1354, 1354, 1354, 66, 66, 66, 1354, 1354, 1354, 1354, 1354, 1354, 1314, 1354, 1354, 66, 66, 66, 66, 1354, 1354, 1354, 1354, 1354, 1354, 1354, 1354, 1354, 138, 1354, 66, 66, 66, 1354, 1354, 1354, 66, 66, 1354, 826, 1354, 1354, 1354, 1354, 1354, 560, 1354, 1354, 1282, 1354, 1354, 66, 66, 66, 1354, 1354, 1354, 1354, 1354, 138, 1354, 1354, 1354, 1354, 1354, 291, 1354, 1354, 1282, 1354, 1354, 66, 66, 66, 66, 1354, 1354, 66, 1354, 1354, 66, 1354, 1170, 66, 1354, 66, 66, 692, 66, 74, 1170, 66, 66, 78, 66, 78, 213, 78, 1354, 541, 74, 66, 78, 66, 1354, 1354, 1354, 66, 1354, 1354, 1354, 1310, 66, 66, 1354, 477, 1242, 130, 81, 583, 276, 105, 78, 1242, 66, 1354, 1354, 1078, 66, 1242, 66, 66, 66, 1213, 1354, 1354, 1354, 1354, 1354, 1311, 66, 66, 603, 66, 66, 66, 130, 276, 90, 78, 66, 603, 66, 155, 100, 66, 66, 66, 66, 155, 74, 100, 66, 66, 818, 78, 78, 97, 83, 1242, 81, 83, 146, 66, 1354, 1354, 588, 74, 74, 66, 66, 66, 66, 66, 369, 66, 369, 128, 1242, 947, 906, 66, 130, 1354, 291, 66, 808, 78, 78, 74, 66, 66, 66, 278, 66, 780, 66, 130, 158, 892, 182, 181, 187, 183, 283, 258, 258, 411, 752, 66, 278, 66, 130, 158, 1008, 316, 315, 316, 323, 1354, 805, 1169, 1052, 1171, 765, 81, 66, 78, 74, 66, 66, 66, 593, 66, 97, 66, 66, 66, 593, 66, 66, 97, 583, 74, 66, 66, 583, 66, 1354, 1354, 1354, 695, 66, 1354, 1354, 66, 202, 66, 213, 1354, 1354, 114, 66, 95, 95, 668, 194, 194, 1354, 185, 66, 115, 1138, 696, 322, 647, 1282, 722, 66, 66, 66, 66, 654, 163, 502, 1354, 285, 373, 390, 186, 483, 312, 1169, 66, 66, 343, 66, 66, 327, 66, 1279, 66, 312, 1169, 312, 1169, 66, 328, 315, 767, 889, 318, 998, 583, 66, 66, 1354, 1354, 1354, 1348, 78, 1233, 97, 1250, 460, 97, 1354, 74, 76, 1294, 92, 474, 76, 115, 66, 1168, 1354, 120, 66, 298, 66, 1354, 1354, 1354, 66, 78, 66, 1023, 977, 711, 66, 66, 110, 1354, 319, 66, 66, 1354, 112, 1354, 1023, 100, 66, 78, 70, 66, 66, 66, 66, 97, 78, 74, 66, 66, 655, 163, 68, 503, 68, 324, 767, 863, 812, 862, 583, 326, 1105, 1354, 66, 66, 1354, 1354, 1076, 66, 66, 130, 680, 78, 66, 1354, 66, 1354, 1354, 1354, 1354, 1354, 1354, 1354, 1354, 585, 66, 66, 66, 66, 66, 66, 66, 66, 66, 66, 1354, 169, 66, 1354, 1354, 1172, 66, 106, 66, 396, 63, 78, 54, 66, 105, 155, 66, 66, 1124, 189, 66, 66, 98, 402, 66, 343, 66, 146, 369, 369, 128, 66, 342, 326, 324, 876, 1354, 144, 770, 316, 958, 320, 324, 860, 792, 78, 98, 66, 66, 66, 66, 66, 744, 97, 66, 90, 73, 66, 90, 66, 66, 66, 72, 792, 54, 66, 338, 554, 327, 69, 997, 330, 66, 80, 1338, 97, 450, 97, 66, 66, 332, 66, 1354, 520, 66, 78, 159, 693, 320, 318, 872, 1217, 323, 1354, 696, 361, 183, 258, 283, 470, 583, 97, 66, 66, 290, 66, 66, 66, 66, 672, 97, 66, 66, 315, 1052, 183, 411, 181, 183, 258, 777, 314, 889, 66, 66, 108, 70, 117, 66, 146, 1333, 445, 78, 66, 66, 66, 66, 66, 66, 831, 1105, 66, 256, 1354, 1354, 448, 158, 66, 66, 66, 66, 66, 319, 66, 184, 184, 509, 265, 74, 264, 66, 66, 160, 66, 1354, 877, 66, 78, 316, 998, 506, 326, 765, 767, 1216, 66, 160, 66, 78, 583, 66, 369, 369, 66, 66, 158, 66, 90, 1354, 1354, 1077, 66, 66, 66, 90, 90, 66, 66, 66, 230, 66, 276, 66, 639, 66, 66, 66, 321, 66, 66, 90, 90, 66, 158, 376, 471, 324, 66, 66, 66, 66, 66, 66, 66, 66, 66, 327, 66, 105, 54, 82, 82, 90, 105, 90, 146, 66, 326, 430, 54, 66, 1354, 1354, 1354, 1354, 66, 852, 767, 804, 1171, 317, 325, 1169, 1169, 312, 1169, 312, 1169, 324, 863, 323, 862, 83, 83, 1354, 1242, 411, 94, 94, 290, 510, 105, 90, 42, 90, 66, 90, 66, 66, 1354, 1354, 215, 74, 66, 74, 66, 66, 651, 321, 447, 215, 447, 1354, 681, 583, 97, 85, 60, 90, 66, 66, 66, 66, 66, 66, 202, 369, 369, 66, 66, 247, 66, 137, 66, 281, 1354, 1354, 1354, 1354, 1354, 1354, 90, 66, 78, 106, 1354, 1354, 1354, 1354, 156, 241, 54, 54, 54, 66, 66, 66, 66, 54, 66, 54, 239, 66, 66, 214, 1242, 1242, 1242, 1354, 327, 66, 78, 66, 66, 66, 66, 66, 66, 66, 66, 66, 66, 66, 66, 66, 66, 66, 66, 66, 78, 54, 90, 54, 211, 815, 78, 66, 66, 1242, 81, 1242, 1242, 1242, 944, 78, 81, 159, 290, 66, 66, 1071, 66, 66, 66, 66, 66, 66, 1354, 1354, 66, 1287, 78, 115, 78, 655, 163, 85, 97, 222, 398, 66, 117, 66, 223, 66, 1354, 1354, 214, 66, 1354, 74, 109, 96, 66, 771, 76, 72, 1294, 1006, 66, 74, 194, 78, 68, 1032, 87, 107, 1126, 66, 1072, 66, 66, 75, 159, 424, 78, 74, 66, 645, 66, 76, 68, 167, 583, 113, 66, 70, 1354, 1354, 1077, 66, 66, 207, 1354, 684, 66, 74, 134, 213, 117, 66, 384, 66, 80, 146, 69, 369, 369, 128, 66, 87, 172, 78, 67, 74, 66, 583, 66, 1354, 1354, 1078, 66, 66, 1354, 112, 97, 608, 97, 66, 97, 66, 66, 84, 161, 78, 146, 369, 369, 128, 66, 74, 66, 583, 1342, 1342, 66, 510, 1051, 66, 363, 66, 1354, 118, 97, 609, 66, 97, 66, 398, 84, 66, 101, 66, 158, 101, 66, 97, 146, 66, 369, 369, 66, 92, 193, 326, 1120, 66, 66, 214, 66, 1242, 256, 66, 76, 73, 83, 73, 298, 68, 72, 1242, 70, 83, 235, 78, 78, 74, 66, 583, 66, 1354, 1354, 1008, 66, 66, 90, 166, 146, 385, 385, 66, 74, 66, 771, 78, 78, 583, 78, 1097, 74, 66, 66, 74, 66, 74, 66, 583, 66, 1354, 723, 1354, 1354, 66, 85, 583, 66, 1354, 301, 66, 164, 66, 78, 583, 1354, 1354, 66, 66, 1354, 1354, 1354, 299, 66, 66, 1242, 1354, 299, 66, 1354, 1354, 185, 97, 66, 66, 1242, 1242, 1242, 1242, 81, 645, 66, 1242, 1242, 1242, 81, 66, 78, 938, 78, 583, 1354, 1354, 66, 81, 74, 66, 583, 130, 66, 1354, 1354, 1354, 298, 66, 66, 1354, 1354, 322, 66, 66, 115, 494, 66, 1251, 1354, 66, 655, 163, 130, 1354, 1354, 66, 74, 66, 1097, 1354, 1354, 66, 66, 583, 1354, 1354, 465, 66, 1354, 66, 1354, 66, 1354, 1354, 1354, 1354, 1354, 185, 97, 107, 54, 66, 66, 1354, 1354, 66, 799, 1354, 66, 66, 1354, 66, 146, 1354, 66, 1354, 66, 1354, 369, 1354, 66, 66, 369, 515, 66, 1354, 66, 1354, 66, 1354, 66, 66, 1252, 1354, 100, 66, 1354, 66, 1354, 66, 1354, 1354, 1354, 66, 66, 1354, 66, 1354, 66, 74, 1354, 66, 1354, 66, 1354, 66, 1354, 66, 159, 1354, 66, 1354, 66, 1354, 66, 1354, 66, 92, 1354, 66, 370, 1354, 1354, 66, 66, 1354, 66, 1354, 66, 1354, 1354, 66, 66, 1354, 66, 1354, 66, 1354, 66, 899, 66, 1354, 66, 1354, 1354, 66, 66, 1354, 66, 76, 1294, 1354, 66, 1354, 66, 1354, 66, 1354, 1354, 66, 66, 1354, 66, 1354, 66, 97, 1354, 66, 1354, 68, 66, 1354, 66, 1354, 66, 1354, 66, 1354, 66, 1354, 66, 1354, 66, 1354, 66, 1354, 1354, 66, 66, 130, 1354, 1354, 66, 66, 1354, 1354, 66, 66, 1354, 66, 1354, 66, 1354, 66, 1354, 66, 1354, 1354, 66, 66, 1354, 1354, 66, 66, 1354, 66, 1354, 66, 1354, 66, 1354, 1354, 66, 66, 1354, 66, 478, 1354, 1354, 66, 66, 1354, 66, 1354, 66, 1354, 1354, 1354, 66, 66, 1354, 66, 1354, 1354, 66, 1354, 66, 66, 1354, 66, 1354, 66, 1354, 1354, 66, 66, 1354, 66, 1354, 1354, 66, 66, 1354, 82, 1354, 1338, 66, 66, 1354, 66, 1354, 1354, 66, 1354, 66, 66, 1354, 1354, 66, 1354, 1354, 1354, 66, 66, 1354, 1354, 1354, 1354, 66, 66, 117, 66, 1354, 1354, 66, 1354, 1354, 308, 66, 66, 1354, 66, 1354, 1354, 66, 1354, 66, 1354, 66, 1354, 66, 1354, 66, 1354, 66, 1354, 66, 1354, 66, 66, 1354, 1354, 66, 1354, 66, 799, 1354, 66, 66, 1354, 76, 66, 1354, 66, 66, 66, 66, 1354, 69, 66, 1354, 66, 1354, 66, 1354, 66, 1354, 66, 66, 344, 509, 1354, 66, 1354, 66, 1354, 66, 1319, 1354, 1354, 66, 66, 1354, 1251, 1354, 66, 66, 1354, 1354, 1354, 1354, 1354, 1354, 66, 66, 1354, 1354, 1354, 66, 66, 1354, 1354, 1354, 1354, 1354, 1354, 1354, 1354, 68, 66, 66, 66, 1354, 1354, 66, 1354, 1354, 66, 1354, 1354, 66, 1354, 1354, 66, 1354, 66, 1354, 1354, 1354, 66, 66, 1354, 1354, 1354, 1354, 1354, 1354, 1354, 1354, 1354, 1354, 1354, 1354, 1354, 1354, 1354, 1354, 1354, 1354, 1354, 66, 66, 66, 66, 1354, 66, 97, 90, 1354, 1354, 1354, 66, 1354, 1354, 1354, 66, 66, 66, 1354, 1354, 1354, 1354, 1354, 1354, 66, 66, 66, 1354, 1354, 1354, 1354, 1354, 1354, 1354, 1354, 1354, 1354, 1354, 74, 66, 66, 1354, 90, 66, 66, 66, 66, 66, 1354, 66, 1346, 66, 1354, 1354, 1354, 1354, 1354, 1354, 1354, 1354, 1354, 1354, 1354, 1354, 1354, 1354, 1354, 1354, 1354, 1354, 1354, 1354, 66, 66, 66, 1354, 1354, 1354, 1354, 1354, 1354, 66, 66, 66, 1354, 1354, 1354, 1354, 66, 1354, 1354, 1354, 1354, 1354, 1354, 1354, 1354, 1354, 1354, 1354, 1354, 66, 66, 66, 66, 1354, 1354, 1354, 1354, 1354, 1354, 66, 66, 66, 66, 1354, 1354, 1354, 1354, 1354, 1354, 1354, 1354, 1354, 1354, 1354, 66, 66, 1354, 1354, 66, 66, 66, 1354, 1354, 1354, 1354, 1354, 1354, 1354, 1354, 1354, 1354, 1354, 1354, 1354, 1354, 1354, 1354, 66, 66, 66, 1354, 1354, 1354, 1354, 1354, 1354, 1354, 1354, 1354, 1354, 66, 66, 1354, 1354, 1354, 1354, 1354, 1354, 1354, 1354, 1354, 1354, 1354, 1354, 1354, 1354, 1354, 1354, 1354, 1354, 1354, 66, 66, 1354, 1354, 1354, 1354, 1354, 1354, 1354, 1354, 1354, 1354, 1354, 1354, 1354, 1354, 1354, 1354, 1354, 1354, 1354, 1354, 1354, 66, 66, 1354, 1354, 1354, 1354, 1354, 1354, 1354, 1354, 1354, 66, 1354, 1354, 1354, 1354, 1354, 1354, 66, 1354, 1354, 1354, 66, 1354, 1354, 1354, 1354, 1354, 1354, 1354, 1354, 1354, 1354, 1354, 1354, 1354, 1354, 1354, 66, 66, 1354, 1354, 1354, 1354, 1354, 1354, 1354, 1354, 1354, 1354, 1354, 1354, 1354, 1354, 1354, 1354, 1354, 1354, 1354, 1354, 1354, 1354, 66, 66, 1354, 1354, 1354, 1354, 1354, 1354, 66, 66, 1354, 1354, 1354, 66, 1354, 1354, 1354, 1354, 1354, 1354, 1354, 1354, 1354, 1354, 1354, 1354, 1354, 1354, 1354, 1354, 1354, 1354, 1354, 1354, 1354, 1354, 1354, 1354, 66, 66, 1354, 1354, 1354, 1354, 1354, 1354, 1354, 1354, 1354, 1354, 1354, 1354, 1354, 66, 66, 66, 1354, 1354, 1354, 66, 1354, 1354, 1354, 1354, 1354, 1354, 1354, 1354, 1354, 1354, 1354, 1354, 1354, 1354, 1354, 1354, 1354, 1354, 1354, 1354, 1354, 1354, 1354, 1354, 1354, 1354, 1354, 66, 66, 1354, 1354, 1354, 66, 1354, 1354, 66, 66, 1354, 1354, 1354, 1354, 1354, 1354, 66, 1354, 1354, 1354, 66, 1354, 1354, 1354, 1354, 1354, 1354, 1354, 1354, 1354, 1354, 1354, 1354, 1354, 1354, 1354, 1354, 1354, 66, 1316, 1354, 1354, 66, 1354, 1354, 1354, 66, 1354, 1354, 1354, 1354, 1354, 1354, 66, 1354, 1354, 1354, 1354, 1354, 1354, 1354, 1354, 1354, 1354, 1354, 1354, 1354, 1354, 1354, 1354, 1354, 1354, 1354, 1354, 1354, 1354, 1354, 1354, 66, 66, 1354, 1354, 1354, 66, 1354, 1354, 1354, 1354, 1354, 1354, 1354, 1354, 1354, 1354, 1354, 1354, 1354, 1354, 66, 1354, 140, 1354, 1354, 1354, 1354, 1354, 1354, 1354, 1354, 1354, 362, 66, 66, 66, 1354, 66, 66, 1354, 66, 1354, 66, 1354, 1354, 66, 188, 168, 168, 168, 168, 172, 172, 1354, 66, 261, 1354, 66, 66, 66, 1354, 1354, 66, 66, 66, 1354, 66, 1354, 1354, 1354, 66, 1354, 66, 1354, 66, 1354, 1354, 66, 66, 66, 66, 66, 66, 66, 1354, 90, 1354, 66, 66, 1354, 1354, 1354, 66, 66, 1354, 1354, 1354, 66, 66, 1354, 66, 1354, 66, 1354, 66, 1354, 1354, 1354, 66, 66, 1354, 1354, 114, 66, 1354, 1354, 1354, 66, 66, 1306, 1354, 1354, 1354, 66, 66, 1354, 66, 1354, 1354, 66, 1354, 1354, 66, 1354, 66, 66, 1354, 66, 1354, 1354, 66, 1354, 66, 1354, 1354, 66, 1354, 66, 1354, 1354, 66, 1354, 1354, 1354, 66, 66, 1354, 66, 1354, 1354, 66, 1354, 106, 66, 1354, 1354, 1354, 66, 66, 1314, 66, 1354, 1354, 1354, 1354, 1354, 1354, 1354, 1354, 1354, 66, 66, 1354, 1354, 390, 747, 66, 1354, 1354, 1354, 66, 66, 1354, 1354, 66, 1354, 66, 1354, 1354, 66, 1354, 66, 1354, 1354, 66, 1354, 1354, 66, 66, 1354, 1354, 1354, 66, 66, 1354, 1354, 1354, 66, 66, 1354, 66, 1354, 1354, 1354, 66, 66, 1354, 1354, 1354, 66, 66, 1354, 1354, 1354, 1354, 66, 66, 1354, 66, 1354, 1354, 66, 1354, 66, 1354, 1354, 1354, 66, 1354, 66, 1354, 1354, 1354, 1354, 1354, 1354, 1354, 66, 66, 1354, 1354, 1354, 1050, 1354, 66, 66, 1354, 66, 1354, 66, 1354, 66, 1354, 66, 1354, 66, 1354, 66, 1354, 1354, 66, 1354, 1354, 66, 66, 1354, 1354, 66, 1354, 1354, 66, 76, 1354, 1354, 66, 1354, 450, 66, 942, 1354, 324, 73, 66, 66, 66]",5840257,42,1439,613.6657560155511,7136,"[78, 74, 66, 583, 66, 1354, 1354, 965, 66, 66, 146, 979, 78, 1059, 74, 66, 66, 369, 78, 369, 137, 66, 66, 401, 66, 78, 74, 66, 78, 74, 66, 78, 78, 66, 66, 107, 66, 1354, 639, 1354, 1022, 66, 66, 66, 1354, 1354, 1354, 465, 66, 66, 1354, 242, 66, 379, 66, 259, 66, 97, 78, 78, 66, 107, 66, 1354, 597, 1354, 78, 140, 192, 78, 788, 1026, 66, 74, 66, 74, 66, 66, 270, 66, 66, 66, 78, 66, 66, 66, 78, 66, 74, 66, 672, 66, 127, 66, 78, 74, 66, 691, 421, 66, 1354, 598, 66, 66, 66, 66, 66, 99, 66, 1354, 1354, 1354, 723, 66, 66, 66, 66, 66, 66, 66, 1354, 635, 66, 66, 66, 66, 1354, 66, 1354, 1354, 985, 66, 78, 66, 66, 66, 1354, 330, 66, 66, 66, 66, 66, 130, 1354, 537, 416, 66, 145, 145, 66, 66, 629, 113, 66, 117, 66, 313, 66, 66, 78, 216, 66, 74, 66, 78, 78, 74, 66, 78, 66, 78, 240, 78, 78, 74, 66, 583, 74, 66, 66, 66, 66, 583, 1354, 1354, 66, 66, 74, 66, 74, 66, 1354, 1354, 66, 1354, 271, 66, 1354, 916, 66, 141, 130, 66, 1354, 1354, 1076, 66, 66, 680, 66, 66, 117, 66, 117, 66, 146, 163, 66, 114, 361, 97, 66, 97, 66, 78, 74, 66, 583, 66, 305, 66, 66, 234, 1354, 66, 1354, 1078, 66, 1354, 291, 417, 400, 728, 97, 97, 66, 369, 369, 128, 66, 802, 78, 294, 66, 898, 97, 146, 78, 66, 278, 78, 66, 130, 158, 492, 66, 278, 66, 74, 130, 66, 74, 66, 66, 97, 66, 66, 101, 66, 66, 546, 97, 105, 66, 105, 105, 74, 583, 90, 66, 66, 66, 593, 66, 97, 66, 66, 66, 1011, 66, 66, 66, 131, 66, 66, 74, 66, 583, 135, 183, 241, 147, 92, 66, 931, 66, 66, 130, 66, 132, 66, 78, 78, 78, 74, 66, 66, 66, 463, 66, 1354, 998, 78, 66, 1354, 1062, 78, 66, 1354, 130, 78, 66, 78, 1354, 104, 246, 74, 74, 66, 66, 78, 1354, 66, 74, 66, 175, 140, 90, 66, 66, 158, 78, 1354, 1354, 249, 1354, 1354, 249, 583, 130, 1034, 66, 66, 97, 97, 66, 78, 78, 78, 78, 78, 78, 66, 78, 66, 1354, 246, 66, 66, 54, 54, 1354, 1354, 66, 74, 78, 66, 74, 74, 66, 66, 678, 66, 1354, 299, 66, 66, 74, 66, 74, 74, 66, 66, 583, 66, 1354, 1354, 66, 507, 756, 130, 1354, 1354, 114, 66, 147, 175, 1354, 849, 1354, 849, 1354, 814, 517, 78, 78, 1354, 78, 1354, 541, 78, 78, 78, 78, 78, 1354, 573, 1354, 1022, 1354, 1022, 1354, 535, 78, 1354, 1354, 1354, 1354, 1354, 1354, 690, 114, 1354, 1354, 175, 241, 105, 1354, 585, 354, 97, 66, 354, 90, 66, 722, 66, 78, 66, 78, 744, 66, 66, 66, 132, 130, 74, 74, 74, 74, 74, 66, 66, 78, 74, 74, 74, 78, 66, 78, 66, 66, 1250, 1354, 78, 184, 78, 66, 78, 78, 78, 66, 78, 1354, 66, 66, 66, 66, 66, 66, 66, 66, 1354, 1354, 66, 66, 66, 78, 66, 1354, 1354, 66, 66, 78, 1354, 1354, 1092, 1354, 1028, 1354, 875, 1354, 843, 1354, 503, 1354, 535, 1354, 567, 105, 1354, 1354, 66, 78, 78, 66, 66, 66, 78, 78, 78, 78, 278, 78, 66, 278, 66, 1354, 66, 1354, 130, 130, 165, 278, 66, 66, 66, 66, 66, 66, 66, 1354, 1354, 1354, 1354, 1354, 1312, 242, 66, 66, 78, 1354, 1354, 66, 66, 66, 78, 66, 1354, 130, 66, 408, 1354, 1354, 1354, 1354, 820, 1354, 1354, 1354, 1312, 66, 78, 66, 1354, 1354, 1354, 197, 1354, 242, 1354, 1354, 1354, 1354, 1354, 1354, 66, 78, 78, 652, 652, 261, 66, 1354, 66, 78, 66, 1354, 1354, 1296, 66, 78, 1354, 247, 66, 140, 66, 158, 524, 171, 1354, 1354, 1354, 1354, 1354, 1320, 1354, 1354, 66, 147, 66, 66, 130, 66, 66, 66, 1354, 1354, 1354, 1321, 652, 1354, 261, 1354, 78, 1354, 78, 1354, 1354, 1354, 1354, 1354, 1319, 74, 66, 54, 54, 66, 54, 54, 66, 54, 78, 66, 242, 78, 86, 78, 197, 130, 66, 78, 1354, 1354, 1317, 1317, 1317, 1317, 251, 54, 1064, 66, 132, 97, 66, 54, 66, 682, 66, 66, 54, 54, 54, 1354, 78, 78, 78, 78, 78, 78, 140, 78, 1038, 66, 66, 1354, 1354, 66, 97, 66, 74, 66, 1354, 66, 1026, 66, 66, 54, 54, 1354, 66, 158, 97, 97, 78, 78, 97, 1354, 979, 336, 1354, 966, 338, 567, 1354, 423, 343, 185, 726, 1354, 1354, 1354, 477, 444, 831, 832, 1354, 66, 1354, 66, 729, 97, 757, 66, 674, 471, 97, 105, 674, 66, 66, 66, 66, 66, 66, 511, 1354, 532, 66, 66, 138, 97, 74, 66, 66, 66, 74, 1354, 66, 66, 66, 66, 1354, 66, 105, 304, 354, 411, 66, 66, 66, 1354, 66, 1354, 66, 1354, 78, 66, 1312, 78, 1354, 66, 1354, 66, 66, 1354, 1354, 66, 74, 66, 66, 1354, 66, 1354, 66, 1354, 66, 1354, 66, 1354, 66, 1354, 66, 1354, 66, 1354, 66, 1354, 66, 1354, 66, 1354, 66, 1354, 66, 1354, 66, 1354, 66, 1354, 66, 1354, 66, 1354, 66, 1354, 66, 1354, 66, 1354, 66, 1354, 66, 1354, 66, 1354, 66, 1354, 66, 1354, 66, 1354, 66, 1354, 66, 1354, 66, 1354, 66, 1354, 66, 1354, 66, 1354, 66, 675, 66, 1354, 66, 1354, 66, 1354, 1354, 66, 1354, 66, 1354, 66, 1354, 66, 1354, 66, 1354, 66, 1354, 66, 1354, 66, 1354, 66, 1354, 66, 270, 66, 90, 90, 66, 66, 66, 78, 376, 400, 1354, 789, 78, 839, 479, 605, 66, 427, 586, 313, 586, 258, 584, 264, 97, 105, 97, 597, 243, 97, 97, 97, 97, 584, 251, 936, 1354, 1354, 1354, 692, 74, 78, 66, 74, 66, 66, 66, 1354, 66, 66, 66, 66, 1354, 1354, 1354, 1354, 1354, 1354, 1354, 776, 78, 603, 66, 278, 66, 105, 130, 66, 652, 66, 66, 743, 66, 175, 130, 66, 1354, 878, 1354, 782, 78, 66, 1354, 78, 66, 1354, 1354, 804, 78, 557, 78, 155, 1354, 405, 100, 178, 78, 66, 66, 66, 1354, 278, 66, 130, 278, 66, 583, 130, 78, 652, 66, 652, 269, 66, 1354, 1354, 559, 98, 66, 66, 66, 130, 1044, 54, 66, 66, 98, 66, 66, 283, 97, 105, 66, 105, 66, 98, 729, 66, 1354, 1354, 1354, 1354, 1354, 469, 66, 66, 93, 604, 66, 109, 98, 98, 66, 1354, 494, 296, 66, 66, 151, 66, 116, 360, 97, 105, 66, 105, 534, 66, 66, 106, 66, 66, 1354, 787, 93, 66, 66, 66, 1037, 149, 66, 130, 258, 97, 105, 66, 105, 376, 278, 66, 130, 230, 66, 446, 652, 66, 97, 66, 66, 603, 66, 147, 66, 132, 66, 97, 854, 66, 66, 155, 100, 66, 66, 66, 169, 66, 66, 101, 531, 66, 66, 90, 66, 78, 1354, 1354, 1354, 1348, 66, 66, 74, 66, 729, 66, 604, 66, 1348, 66, 78, 98, 150, 66, 1354, 641, 1354, 66, 78, 98, 94, 66, 124, 1067, 97, 124, 1354, 1354, 771, 771, 78, 66, 66, 78, 66, 74, 66, 66, 78, 1354, 1354, 980, 66, 66, 130, 158, 1354, 907, 583, 66, 66, 66, 145, 145, 130, 66, 97, 1354, 1354, 1354, 1348, 1354, 1354, 1354, 695, 66, 66, 66, 66, 78, 74, 66, 1354, 66, 1354, 1354, 1354, 75, 66, 66, 150, 66, 1037, 130, 680, 66, 130, 680, 66, 78, 74, 66, 1354, 844, 1354, 1354, 1354, 1354, 104, 66, 66, 78, 66, 1354, 78, 1354, 876, 78, 1354, 292, 97, 322, 78, 78, 98, 278, 78, 66, 78, 130, 74, 66, 66, 97, 66, 78, 66, 74, 78, 1354, 66, 66, 66, 652, 78, 66, 278, 66, 130, 652, 66, 583, 66, 1354, 1354, 1059, 66, 107, 66, 583, 180, 74, 66, 66, 78, 1342, 1342, 1342, 334, 106, 66, 1319, 66, 1354, 598, 583, 74, 66, 66, 66, 66, 66, 66, 66, 66, 481, 66, 66, 1354, 603, 78, 382, 1288, 66, 97, 105, 66, 98, 78, 66, 1354, 1354, 986, 1354, 1354, 1354, 933, 66, 66, 130, 1354, 537, 74, 66, 105, 74, 66, 66, 106, 66, 66, 66, 1354, 1354, 66, 121, 66, 66, 145, 145, 66, 106, 629, 66, 66, 1354, 1308, 583, 583, 1354, 1354, 66, 1354, 1354, 1354, 66, 1354, 1354, 1354, 1354, 1354, 66, 66, 66, 1354, 1354, 1354, 1354, 66, 139, 1354, 1354, 1059, 1354, 1029, 66, 66, 66, 66, 66, 1354, 1354, 1354, 1354, 1354, 1354, 1354, 66, 66, 1354, 1354, 1354, 66, 66, 1354, 1354, 1354, 1354, 1354, 1354, 1354, 1354, 1354, 1354, 1354, 1354, 1354, 1354, 1354, 1354, 1354, 288, 66, 66, 66, 66, 66, 1354, 526, 1354, 78, 1354, 1354, 1354, 1354, 1354, 1354, 1354, 1354, 710, 845, 66, 66, 66, 66, 145, 145, 66, 74, 66, 1354, 1354, 466, 1354, 1354, 1354, 1354, 1354, 1354, 1354, 1354, 1354, 1354, 1354, 1354, 1354, 1354, 1354, 66, 1354, 1354, 1354, 66, 66, 1354, 1354, 1354, 1354, 1354, 1354, 1354, 66, 146, 66, 1354, 1354, 1354, 1354, 1354, 1354, 1354, 1354, 1354, 1354, 1354, 1354, 1354, 66, 1354, 1354, 1354, 66, 66, 1354, 1354, 1354, 1354, 1354, 1354, 1354, 348, 66, 66, 353, 353, 66, 66, 447, 66, 583, 98, 66, 1354, 1354, 66, 98, 66, 300, 66, 1354, 1354, 66, 1342, 1342, 1342, 66, 130, 1342, 1342, 1342, 1342, 1342, 1342, 1342, 1342, 1342, 1044, 66, 98, 380, 66, 98, 78, 1354, 1354, 1354, 1354, 1354, 1354, 895, 66, 98, 66, 74, 66, 66, 192, 121, 1354, 850, 106, 66, 66, 117, 135, 66, 66, 66, 98, 278, 66, 130, 158, 655, 66, 652, 66, 97, 97, 66, 326, 66, 1354, 160, 66, 1354, 1354, 1354, 1354, 1354, 1354, 1354, 1354, 1291, 66, 1354, 1354, 66, 66, 1354, 1354, 1354, 66, 66, 66, 1354, 1354, 1354, 1354, 1354, 1354, 1354, 1016, 1089, 1354, 1354, 1354, 1354, 1354, 1354, 1354, 66, 66, 66, 66, 66, 1354, 1354, 1354, 1354, 1354, 1016, 66, 66, 66, 1354, 1354, 66, 66, 1354, 1354, 1354, 1354, 1354, 1354, 1354, 66, 1354, 1354, 1354, 1354, 1354, 1354, 66, 66, 1354, 1354, 1354, 1354, 1354, 1354, 1289, 66, 66, 838, 104, 121, 98, 90, 98, 66, 156, 145, 105, 1289, 433, 105, 90, 66, 66, 78, 66, 66, 66, 78, 105, 78, 106, 66, 74, 66, 66, 104, 66, 1354, 800, 66, 66, 66, 284, 66, 130, 865, 66, 1354, 1354, 1354, 1354, 1354, 1354, 1354, 1354, 1354, 1354, 1354, 1354, 1354, 751, 1354, 1354, 1354, 1354, 1354, 1354, 66, 66, 1354, 1354, 1354, 66, 1354, 1354, 1354, 1354, 1354, 1354, 1354, 66, 1354, 1354, 1354, 1354, 1354, 1354, 1354, 1354, 1354, 1354, 1354, 1354, 1354, 1354, 1354, 1354, 1354, 1354, 951, 66, 66, 98, 66, 823, 66, 93, 66, 471, 97, 97, 66, 98, 66, 66, 653, 90, 66, 66, 66, 90, 66, 98, 383, 66, 54, 1264, 66, 130, 66, 144, 196, 105, 98, 78, 159, 90, 105, 90, 66, 1354, 1354, 192, 192, 66, 78, 66, 66, 66, 70, 66, 66, 90, 66, 66, 66, 940, 104, 66, 117, 66, 66, 66, 66, 66, 490, 66, 98, 66, 54, 54, 78, 74, 66, 490, 66, 98, 66, 583, 66, 1354, 1354, 66, 596, 66, 78, 74, 66, 78, 70, 66, 583, 66, 1354, 1354, 1354, 1348, 130, 1354, 1354, 1354, 1348, 66, 66, 66, 66, 66, 66, 578, 66, 1354, 1354, 1076, 66, 66, 399, 97, 66, 97, 477, 66, 66, 1354, 1354, 1354, 1354, 80, 66, 66, 66, 66, 146, 1333, 1354, 435, 156, 156, 66, 78, 369, 66, 66, 369, 128, 66, 66, 339, 66, 121, 66, 106, 66, 78, 74, 66, 583, 1354, 1354, 1354, 1354, 80, 66, 1354, 1354, 1078, 66, 66, 1354, 1354, 1354, 755, 66, 66, 66, 1331, 97, 437, 66, 97, 66, 80, 78, 1354, 1354, 1354, 1354, 66, 146, 369, 369, 128, 66, 437, 78, 78, 78, 74, 66, 1241, 97, 666, 1354, 1354, 1354, 1354, 66, 1354, 1354, 1354, 74, 788, 66, 66, 66, 66, 78, 97, 66, 1354, 78, 1210, 243, 104, 66, 583, 66, 1354, 1354, 66, 1354, 1354, 244, 104, 66, 66, 1354, 1354, 66, 1354, 1354, 66, 66, 1354, 1354, 1354, 694, 66, 78, 74, 66, 501, 121, 66, 106, 66, 66, 322, 66, 98, 1354, 123, 66, 1354, 1354, 1354, 1348, 78, 78, 66, 66, 74, 66, 583, 78, 66, 78, 66, 66, 1354, 1354, 107, 66, 66, 1354, 74, 66, 1354, 336, 336, 1348, 1354, 597, 1354, 78, 78, 78, 66, 78, 66, 78, 114, 1354, 1354, 78, 66, 74, 74, 74, 78, 66, 66, 66, 1354, 185, 66, 66, 78, 66, 66, 66, 66, 1354, 702, 66, 363, 66, 583, 78, 66, 1354, 1354, 1354, 298, 1023, 74, 66, 66, 104, 66, 90, 66, 98, 141, 66, 106, 66, 583, 66, 1354, 1354, 66, 1354, 301, 66, 1354, 1354, 1354, 1354, 80, 114, 130, 78, 583, 1354, 1354, 305, 305, 66, 66, 78, 66, 78, 583, 680, 66, 66, 74, 66, 66, 1354, 1354, 66, 1354, 1354, 66, 66, 1354, 299, 1354, 299, 66, 66, 583, 98, 66, 1342, 1342, 66, 1053, 66, 332, 66, 139, 78, 74, 66, 583, 66, 78, 583, 74, 66, 284, 54, 476, 97, 66, 101, 66, 66, 542, 66, 1342, 1342, 66, 272, 1052, 66, 583, 66, 141, 66, 66, 66, 66, 1354, 1354, 66, 146, 78, 97, 66, 1354, 548, 66, 78, 1354, 1354, 1354, 298, 1023, 66, 66, 1354, 1354, 1354, 298, 1024, 1354, 336, 66, 66, 66, 78, 74, 66, 66, 369, 369, 66, 583, 1354, 271, 66, 66, 141, 1354, 1354, 1077, 66, 66, 453, 66, 117, 66, 1024, 78, 66, 117, 66, 1354, 1354, 1354, 1348, 66, 66, 66, 164, 66, 114, 146, 369, 369, 128, 66, 66, 306, 66, 234, 609, 66, 1354, 66, 1354, 114, 66, 66, 1354, 66, 296, 66, 1354, 114, 66, 1354, 66, 1354, 1354, 66, 1354, 106, 66, 1354, 1354, 66, 756, 66, 167, 501, 1327, 97, 653, 121, 213, 692, 243, 1354, 501, 167, 298, 78, 1354, 471, 97, 326, 501, 1354, 78, 1354, 130, 66, 66, 66, 106, 78, 97, 106, 66, 66, 66, 97, 78, 78, 74, 70, 214, 66, 66, 1354, 1354, 1354, 1354, 1044, 66, 66, 66, 66, 66, 66, 66, 78, 78, 78, 66, 66, 106, 66, 66, 583, 66, 383, 66, 105, 66, 1354, 66, 159, 66, 1354, 1354, 1354, 1354, 1354, 1354, 1354, 1354, 66, 159, 1354, 1354, 1354, 1354, 1016, 1089, 1354, 1354, 66, 66, 66, 1354, 1354, 82, 66, 159, 117, 66, 159, 1354, 1354, 1354, 1354, 1354, 1354, 1354, 1354, 1354, 1354, 1354, 1354, 1016, 1354, 1354, 1354, 1354, 1354, 1354, 1354, 1354, 1354, 66, 66, 1354, 1354, 1354, 66, 1016, 1354, 1354, 1354, 1354, 1354, 1354, 66, 1354, 1354, 1354, 339, 66, 188, 66, 115, 66, 1354, 413, 152, 66, 66, 1354, 1354, 1354, 1354, 1354, 1327, 117, 66, 66, 66, 117, 66, 78, 1354, 1354, 1354, 1348, 66, 66, 117, 66, 1207, 54, 54, 66, 1121, 1354, 66, 1354, 66, 363, 66, 114, 1354, 1354, 66, 1354, 1354, 66, 66, 1354, 1354, 66, 1354, 1354, 66, 1354, 1354, 66, 1354, 1354, 66, 1354, 1354, 1354, 1354, 1354, 1354, 1233, 74, 332, 66, 66, 66, 1354, 1354, 66, 1354, 1354, 113, 66, 1354, 90, 66, 583, 66, 1354, 1354, 66, 1354, 1354, 66, 483, 98, 98, 78, 1354, 1354, 1354, 1348, 98, 1354, 1354, 1354, 729, 130, 66, 66, 66, 66, 66, 66, 66, 66, 66, 66, 66, 66, 66, 66, 66, 66, 66, 496, 113, 583, 483, 1354, 130, 484, 78, 78, 1207, 583, 560, 78, 78, 78, 1354, 583, 548, 66, 66, 66, 66, 66, 66, 66, 66, 66, 78, 66, 66, 113, 66, 66, 1354, 255, 609, 593, 255, 982, 66, 593, 1354, 1354, 1354, 298, 1354, 939, 939, 1354, 982, 66, 78, 66, 78, 66, 78, 78, 66, 78, 1354, 1354, 1354, 1354, 1354, 1354, 1354, 1354, 1136, 66, 78, 78, 78, 1252, 1354, 1252, 1354, 66, 66, 78, 78, 78, 66, 66, 1354, 1354, 1348, 66, 66, 1252, 1354, 66, 78, 66, 74, 74, 66, 78, 66, 74, 78, 66, 78, 66, 78, 74, 78, 78, 74, 66, 74, 66, 66, 66, 74, 78, 66, 78, 78, 78, 66, 66, 78, 66, 66, 66, 66, 66, 66, 66, 66, 66, 66, 66, 66, 78, 66, 66, 66, 106, 1342, 1342, 66, 66, 66, 66, 66, 66, 66, 66, 66, 66, 66, 78, 90, 54, 78, 66, 54, 1354, 1354, 1354, 1354, 66, 1354, 1354, 1052, 66, 66, 66, 66, 583, 173, 1354, 1354, 66, 1354, 1354, 1354, 1354, 1354, 1354, 1354, 1354, 66, 66, 66, 66, 66, 1354, 1354, 1076, 66, 1354, 114, 1354, 1354, 90, 66, 1354, 1354, 1354, 1354, 1354, 1354, 66, 54, 54, 66, 66, 66, 540, 66, 54, 54, 66, 1354, 1354, 66, 1354, 1354, 1354, 583, 66, 66, 66, 1354, 66, 1354, 1354, 66, 66, 1354, 1354, 66, 1354, 66, 583, 1354, 1354, 66, 66, 66, 1354, 1354, 66, 66, 1354, 78, 74, 66, 1354, 1354, 1354, 1077, 1354, 1354, 1354, 1354, 1354, 66, 363, 66, 66, 66, 66, 66, 66, 583, 1354, 1354, 66, 66, 1354, 1354, 1354, 1354, 1354, 66, 66, 66, 66, 1354, 66, 1354, 66, 1354, 66, 1354, 66, 97, 1354, 1354, 1354, 1354, 694, 203, 1354, 1354, 1354, 1354, 1354, 1354, 66, 66, 66, 78, 66, 66, 66, 1354, 1354, 1354, 1354, 1354, 1354, 129, 1354, 1354, 78, 1354, 97, 1354, 1354, 1354, 1342, 1342, 66, 66, 66, 66, 66, 1354, 74, 66, 66, 1354, 1354, 1354, 1354, 1354, 66, 66, 66, 1354, 1354, 66, 198, 66, 1354, 66, 1354, 1354, 66, 66, 1051, 1354, 66, 66, 1354, 1354, 1354, 66, 66, 1354, 66, 66, 66, 1354, 66, 1354, 1354, 1354, 66, 66, 1354, 66, 203, 66, 1354, 66, 1354, 66, 1354, 1354, 1354, 1354, 66, 66, 66, 1354, 66, 1354, 66, 1354, 66, 1354, 1354, 1354, 1354, 1354, 1354, 1354, 1354, 66, 66, 66, 66, 1354, 1354, 1354, 66, 66, 66, 1354, 66, 1354, 66, 198, 66, 1354, 66, 1354, 1354, 1354, 66, 66, 66, 1354, 66, 196, 66, 1354, 66, 1354, 1354, 66, 1354, 1354, 78, 66, 66, 1354, 1354, 1354, 1354, 1354, 1354, 1354, 1354, 66, 66, 66, 66, 1354, 1354, 1354, 66, 66, 66, 1354, 1354, 66, 66, 1354, 1354, 1354, 66, 66, 66, 1354, 1354, 1354, 66, 66, 1354, 1354, 66, 66, 210, 66, 1354, 1354, 1354, 1354, 122, 66, 66, 66, 66, 1354, 1354, 1354, 1354, 1354, 66, 78, 66, 66, 1354, 1354, 66, 1354, 66, 1354, 1354, 1354, 66, 66, 66, 192, 66, 959, 1354, 66, 583, 66, 1354, 1354, 66, 66, 1354, 1354, 66, 66, 1354, 74, 66, 66, 1354, 1354, 66, 66, 216, 66, 1354, 1354, 1354, 1354, 66, 66, 66, 1354, 66, 1354, 1354, 66, 66, 66, 1354, 1354, 1354, 66, 66, 66, 1354, 1354, 66, 66, 1354, 66, 1354, 1354, 222, 66, 66, 66, 1354, 66, 66, 66, 66, 1354, 1354, 1354, 66, 66, 66, 1354, 1354, 1354, 66, 66, 66, 221, 66, 1354, 1354, 1354, 66, 66, 66, 1354, 1354, 1354, 1354, 1354, 66, 66, 66, 1354, 211, 66, 66, 694, 78, 1354, 1354, 1354, 1354, 1354, 1354, 1354, 1354, 1354, 1354, 1354, 1354, 66, 66, 66, 66, 1354, 1354, 1354, 66, 66, 66, 583, 207, 1354, 1354, 1354, 66, 66, 66, 66, 1354, 1354, 1354, 66, 66, 66, 1354, 1354, 1354, 66, 66, 66, 1354, 1354, 1354, 193, 66, 66, 66, 66, 66, 1354, 66, 1354, 1354, 1354, 66, 1354, 1354, 1354, 1354, 1354, 1354, 66, 66, 66, 1354, 1354, 1354, 66, 66, 66, 66, 1354, 1354, 1354, 1354, 1354, 1354, 203, 66, 66, 66, 66, 1354, 66, 1354, 1354, 1354, 1354, 1354, 1354, 1354, 1354, 190, 66, 66, 66, 66, 1354, 1354, 1354, 695, 1354, 1354, 1354, 1354, 1354, 1354, 66, 66, 66, 66, 1354, 1354, 1354, 1354, 192, 1354, 1354, 1354, 1354, 1354, 1354, 1354, 1354, 66, 66, 66, 66, 1354, 1354, 1354, 1354, 1354, 1354, 66, 66, 66, 66, 66, 109, 146, 66, 1354, 1354, 1354, 1348, 103, 66, 66, 146, 66, 583, 130, 66, 1354, 1354, 1354, 416, 267, 114, 292, 322, 66, 66, 78, 66, 66, 1354, 109, 1354, 103, 146, 114, 66, 583, 66, 1354, 1354, 1354, 1354, 1354, 1354, 66, 66, 66, 1354, 1354, 1354, 1354, 1354, 1354, 1354, 74, 1354, 74, 1354, 1354, 1354, 1354, 1354, 1354, 805, 1354, 74, 74, 805, 1354, 1354, 1354, 106, 66, 78, 78, 66, 78, 78, 66, 78, 78, 66, 78, 78, 66, 66, 66, 66, 66, 369, 369, 128, 78, 680, 66, 66, 66, 66, 66, 1346, 66, 1354, 78, 1354, 66, 1346, 78, 74, 78, 97, 1354, 1354, 1354, 1354, 1354, 1354, 66, 66, 66, 66, 66, 66, 66, 66, 1354, 1354, 1078, 1354, 1354, 1354, 1354, 66, 1354, 1354, 66, 1354, 1354, 66, 66, 66, 66, 66, 66, 97, 66, 1354, 1354, 1354, 74, 1346, 1354, 1354, 1354, 1354, 1354, 74, 1354, 74, 78, 66, 66, 66, 54, 54, 54, 1354, 74, 1346, 78, 78, 1354, 74, 78, 1346, 1346, 1346, 66, 66, 66, 1354, 74, 1354, 1354, 1354, 74, 1354, 74, 1346, 1346, 66, 66, 66, 1346, 1354, 1354, 1354, 1354, 1354, 1354, 1354, 1354, 1354, 74, 54, 66, 66, 66, 1346, 1354, 1354, 1354, 1354, 78, 1354, 1354, 1354, 1354, 1354, 1354, 66, 66, 66, 54, 1354, 1354, 1354, 74, 1354, 1354, 66, 66, 1354, 1354, 1346, 1354, 1354, 1354, 1354, 1354, 74, 1354, 1354, 1354, 1354, 1346, 66, 66, 66, 1354, 1354, 1354, 1354, 1354, 1354, 1354, 74, 1354, 1354, 66, 66, 66, 583, 1354, 1354, 66, 1346, 1354, 1354, 1354, 1354, 1354, 1354, 1354, 1354, 1354, 1354, 1354, 1354, 1354, 66, 66, 66, 1354, 122, 1354, 1354, 1354, 1354, 225, 1354, 1298, 1354, 1354, 1354, 978, 66, 66, 66, 66, 66, 1354, 105, 66, 66, 1354, 1354, 1354, 1354, 1077, 1354, 1354, 1354, 1354, 1354, 66, 66, 66, 66, 1354, 1354, 122, 66, 66, 1354, 1354, 1354, 1354, 1354, 1354, 1354, 1354, 1298, 1354, 1354, 1354, 1354, 1354, 1354, 1354, 1354, 1354, 66, 66, 66, 1354, 66, 1354, 1354, 1354, 1354, 1354, 1354, 1354, 1354, 178, 1354, 1354, 1354, 1354, 1242, 1354, 1354, 1354, 1354, 1354, 66, 66, 66, 97, 66, 1354, 1354, 1354, 1354, 1354, 1354, 1354, 1354, 114, 1354, 114, 1354, 1354, 1354, 114, 1354, 1306, 1354, 1306, 1306, 1354, 1354, 1354, 1354, 1354, 1354, 1354, 1354, 1354, 1354, 114, 1354, 1354, 1354, 66, 66, 66, 1354, 1306, 1354, 1354, 1354, 1354, 1354, 1354, 1354, 1354, 1354, 1354, 1354, 1354, 1354, 1354, 1354, 66, 66, 66, 1354, 1354, 1354, 1354, 1354, 1354, 1354, 1354, 1354, 1354, 1354, 1354, 66, 66, 66, 66, 1354, 1354, 66, 1354, 1354, 1354, 1354, 1354, 1354, 1354, 1354, 1354, 154, 1354, 1354, 66, 66, 66, 98, 1354, 1354, 1354, 1354, 1354, 106, 1354, 1354, 1354, 106, 1266, 1314, 66, 1354, 106, 1354, 106, 1314, 1354, 1354, 66, 66, 66, 1354, 1354, 1314, 66, 66, 66, 78, 66, 1354, 106, 1354, 106, 66, 1354, 1354, 1354, 1354, 1314, 1314, 337, 1354, 1354, 337, 1354, 1354, 150, 1314, 1354, 106, 1354, 1354, 66, 66, 66, 66, 1354, 1354, 1314, 1354, 1354, 1354, 1354, 1354, 1354, 1354, 1354, 1354, 1354, 1354, 1354, 66, 66, 66, 1354, 138, 66, 1282, 1354, 1018, 66, 66, 1354, 1354, 66, 1354, 1002, 66, 1284, 66, 66, 382, 1241, 97, 66, 105, 66, 105, 66, 97, 146, 369, 369, 128, 66, 66, 66, 78, 1354, 1354, 1354, 1348, 105, 90, 66, 1354, 83, 97, 696, 1354, 1354, 1354, 1348, 97, 200, 733, 97, 78, 78, 898, 1026, 66, 66, 66, 66, 66, 66, 66, 66, 66, 66, 66, 66, 66, 66, 66, 66, 66, 66, 97, 66, 78, 66, 66, 74, 66, 74, 66, 1354, 573, 1354, 541, 78, 66, 1354, 1354, 1354, 1354, 1354, 1354, 1311, 66, 66, 66, 66, 130, 276, 1354, 1354, 1354, 1354, 1354, 1310, 78, 66, 74, 66, 66, 130, 276, 66, 66, 603, 66, 74, 66, 66, 603, 66, 155, 100, 66, 66, 66, 66, 66, 155, 100, 66, 860, 66, 583, 283, 583, 1354, 130, 97, 557, 97, 78, 78, 583, 78, 78, 105, 90, 66, 101, 66, 66, 111, 66, 66, 255, 389, 97, 78, 1354, 1354, 1354, 1354, 1354, 1166, 97, 66, 97, 66, 78, 66, 66, 66, 106, 418, 1354, 1354, 1354, 1354, 1354, 1354, 66, 66, 66, 66, 74, 66, 66, 66, 66, 66, 634, 66, 74, 97, 1354, 394, 402, 66, 66, 66, 1354, 1354, 1354, 1354, 74, 74, 66, 1354, 1354, 78, 1354, 1354, 66, 66, 66, 66, 66, 66, 66, 66, 666, 1354, 1354, 1354, 1354, 1354, 1354, 1354, 1354, 1354, 1354, 1354, 66, 851, 66, 66, 66, 602, 1354, 1354, 1354, 1354, 1354, 1354, 1354, 1354, 1354, 1354, 1050, 1354, 1050, 66, 66, 66, 74, 66, 1354, 1354, 1354, 1354, 1354, 1354, 1354, 370, 1354, 1354, 1354, 1354, 1354, 370, 1354, 1354, 1354, 66, 66, 66, 66, 66, 1354, 66, 1354, 1354, 1354, 1354, 66, 1354, 1354, 1354, 1354, 66, 1354, 98, 66, 1354, 1354, 66, 300, 1354, 1354, 1354, 1354, 1354, 66, 66, 66, 66, 66, 1354, 107, 1354, 66, 66, 66, 66, 66, 130, 130, 158, 158, 533, 533, 1354, 1354, 1354, 1354, 1354, 1354, 1354, 1354, 107, 1354, 1354, 1354, 66, 1050, 1180, 1354, 66, 66, 66, 66, 66, 66, 66, 66, 130, 66, 130, 1354, 1354, 338, 1354, 1354, 1354, 1354, 1354, 1354, 1354, 1354, 1354, 1354, 1354, 1354, 1354, 82, 1354, 66, 66, 66, 1354, 1354, 384, 1354, 1354, 1354, 1354, 1354, 1354, 1354, 1354, 66, 66, 66, 66, 66, 245, 128, 1354, 1354, 1354, 1354, 1354, 1354, 1338, 66, 66, 131, 66, 66, 66, 66, 66, 66, 97, 97, 1354, 1354, 66, 1354, 1354, 543, 66, 1354, 82, 245, 1354, 1354, 66, 97, 128, 1354, 1338, 1354, 272, 66, 66, 66, 66, 66, 66, 1354, 1354, 1354, 1354, 710, 1354, 1354, 1354, 1354, 1354, 66, 66, 66, 66, 1354, 1354, 1354, 66, 66, 1354, 1354, 66, 66, 1354, 90, 1354, 66, 78, 66, 1354, 1354, 1354, 1354, 66, 1354, 1354, 1354, 1354, 1354, 1330, 1354, 1354, 1354, 1354, 66, 66, 66, 1354, 1354, 1354, 1354, 1354, 1354, 1354, 1354, 133, 1354, 1354, 1354, 1354, 1354, 1354, 1354, 1354, 1354, 1354, 1354, 1354, 1354, 1348, 66, 66, 66, 66, 1354, 1354, 1354, 66, 66, 1354, 74, 1354, 1354, 1354, 66, 66, 66, 66, 66, 66, 110, 1354, 90, 1354, 1354, 1354, 1354, 1354, 1354, 1354, 66, 66, 66, 66, 1354, 1354, 1354, 66, 66, 1354, 1354, 1354, 1354, 1330, 1354, 1354, 1354, 1354, 1354, 1354, 1354, 66, 66, 1354, 1354, 66, 66, 66, 66, 1354, 1354, 1354, 1354, 1354, 1354, 1354, 1354, 66, 66, 66, 1354, 1354, 1354, 1354, 1354, 1354, 1354, 1354, 1354, 1354, 1354, 1354, 1354, 1354, 66, 66, 66, 1354, 549, 78, 1354, 1354, 1354, 1354, 1354, 1354, 1354, 1354, 1354, 66, 66, 66, 1354, 1354, 1354, 66, 1354, 1354, 66, 66, 1354, 1354, 1354, 1354, 1354, 1354, 1354, 298, 1354, 1354, 1354, 1354, 1354, 78, 66, 66, 66, 1354, 1354, 1354, 1354, 1354, 1024, 1354, 1354, 1354, 1354, 1354, 1354, 1354, 1354, 1354, 66, 66, 66, 66, 66, 1354, 1354, 1354, 1354, 1354, 1354, 1354, 1354, 66, 66, 66, 1354, 1354, 1354, 1354, 74, 1354, 1354, 1354, 271, 1354, 1354, 1354, 1354, 66, 66, 1354, 1354, 1354, 674, 66, 66, 66, 66, 66, 1354, 1354, 1354, 1354, 1354, 1354, 1354, 1354, 66, 66, 66, 1354, 806, 1354, 1354, 1354, 1354, 1354, 1354, 1354, 1354, 66, 66, 66, 1354, 1354, 66, 1354, 1354, 66, 78, 1354, 1354, 66, 1354, 1354, 66, 1354, 1354, 1354, 66, 66, 1354, 1354, 1354, 659, 1354, 1354, 1354, 1354, 66, 1354, 1354, 66, 78, 66, 66, 1354, 153, 66, 140, 158, 1354, 1344, 182, 66, 66, 107, 66, 1054, 66, 97, 66, 97, 66, 130, 66, 1354, 1354, 1354, 150, 1348, 66, 723, 66, 578, 66, 66, 66, 66, 1354, 597, 66, 66, 66, 66, 66, 66, 66, 66, 159, 111, 66, 66, 66, 78, 153, 54, 117, 66, 74, 66, 583, 78, 1331, 204, 355, 1354, 1354, 1354, 1348, 141, 583, 66, 66, 66, 1354, 1354, 66, 1354, 298, 1354, 939, 1354, 100, 380, 97, 105, 105, 939, 66, 706, 642, 1354, 1354, 1354, 557, 97, 97, 1354, 706, 642, 78, 66, 78, 66, 66, 78, 66, 66, 78, 78, 66, 1354, 66, 66, 106, 66, 66, 74, 66, 78, 105, 54, 54, 66, 66, 117, 117, 66, 78, 66, 66, 163, 66, 170, 114, 66, 66, 106, 66, 236, 522, 146, 66, 66, 1354, 1354, 1354, 1348, 66, 66, 66, 130, 305, 66, 234, 66, 1354, 1354, 1354, 380, 66, 337, 337, 128, 296, 66, 66, 294, 66, 97, 1354, 1354, 1354, 1348, 66, 66, 66, 66, 110, 66, 66, 1339, 66, 66, 97, 66, 496, 78, 78, 66, 583, 66, 66, 146, 78, 1354, 1354, 1354, 66, 1354, 1354, 1354, 1354, 1354, 1354, 66, 1354, 1354, 1255, 1354, 1354, 727, 97, 1255, 66, 66, 97, 66, 78, 66, 78, 66, 66, 1354, 66, 1354, 1354, 1354, 1354, 1354, 1354, 1354, 66, 1354, 778, 714, 1354, 746, 1354, 1354, 1354, 131, 1354, 1354, 1354, 66, 66, 66, 66, 66, 66, 66, 1354, 1354, 1354, 369, 369, 1354, 1354, 1354, 1354, 66, 66, 66, 66, 66, 1354, 1354, 1354, 1354, 1354, 1354, 1354, 66, 66, 66, 1354, 1354, 1354, 1354, 1354, 1354, 66, 66, 1354, 1354, 1354, 1354, 1354, 1354, 1354, 1354, 1354, 1354, 1354, 754, 1354, 1354, 1354, 1354, 1354, 1354, 1354, 1354, 1354, 66, 66, 66, 66, 1354, 666, 1354, 1354, 1342, 1342, 74, 1354, 1354, 1354, 1354, 66, 66, 66, 66, 74, 1354, 1354, 1354, 1354, 1354, 1354, 1354, 1354, 66, 66, 66, 1354, 66, 66, 66, 1354, 1354, 106, 1354, 1354, 106, 1314, 1354, 1354, 1314, 1354, 106, 66, 66, 66, 66, 1354, 1354, 1354, 66, 66, 1354, 1354, 1354, 1354, 1354, 1354, 1354, 1354, 1354, 1354, 1354, 1354, 1354, 66, 66, 66, 66, 1354, 1354, 1354, 1354, 1354, 1354, 1354, 1354, 794, 1354, 66, 66, 66, 1354, 1052, 1354, 1354, 1354, 1354, 1314, 1354, 666, 1354, 1354, 1354, 1354, 1354, 1354, 1354, 66, 66, 66, 66, 1354, 1354, 106, 1314, 1354, 1354, 1354, 1354, 1354, 1354, 1354, 1354, 1354, 1354, 1354, 66, 66, 66, 1354, 1354, 1354, 1354, 1354, 1354, 1314, 1354, 1354, 66, 66, 66, 66, 1354, 1354, 1354, 1354, 1354, 1354, 1354, 1354, 1354, 138, 1354, 66, 66, 66, 1354, 1354, 1354, 66, 66, 1354, 826, 1354, 1354, 1354, 1354, 1354, 560, 1354, 1354, 1282, 1354, 1354, 66, 66, 66, 1354, 1354, 1354, 1354, 1354, 138, 1354, 1354, 1354, 1354, 1354, 291, 1354, 1354, 1282, 1354, 1354, 66, 66, 66, 66, 1354, 1354, 66, 1354, 1354, 66, 1354, 1170, 66, 1354, 66, 66, 692, 66, 74, 1170, 66, 66, 78, 66, 78, 1354, 541, 74, 66, 78, 66, 1354, 1354, 1354, 66, 1354, 1354, 1354, 1310, 66, 66, 1354, 477, 130, 583, 276, 105, 78, 66, 1354, 1354, 1078, 66, 66, 66, 66, 1354, 1354, 1354, 1354, 1354, 1311, 66, 66, 603, 66, 66, 66, 130, 276, 90, 78, 66, 603, 66, 155, 100, 66, 66, 66, 66, 155, 74, 100, 66, 66, 818, 78, 78, 97, 146, 66, 1354, 1354, 588, 74, 74, 66, 66, 66, 66, 66, 369, 66, 369, 128, 906, 66, 130, 1354, 291, 66, 808, 78, 78, 74, 66, 66, 66, 278, 66, 780, 66, 130, 158, 892, 182, 181, 187, 183, 283, 258, 258, 411, 752, 66, 278, 66, 130, 158, 1008, 316, 315, 316, 323, 1354, 805, 1169, 1052, 1171, 765, 66, 78, 74, 66, 66, 66, 593, 66, 97, 66, 66, 66, 593, 66, 66, 97, 583, 74, 66, 66, 583, 66, 1354, 1354, 1354, 695, 66, 1354, 1354, 66, 202, 66, 1354, 1354, 114, 66, 668, 1354, 185, 66, 1138, 696, 322, 647, 1282, 722, 66, 66, 66, 66, 502, 1354, 285, 373, 390, 186, 483, 312, 1169, 66, 66, 343, 66, 66, 327, 66, 1279, 66, 312, 1169, 312, 1169, 66, 328, 315, 767, 889, 318, 998, 583, 66, 66, 1354, 1354, 1354, 1348, 78, 1233, 97, 1250, 460, 97, 1354, 66, 1168, 1354, 120, 66, 298, 66, 1354, 1354, 1354, 66, 78, 66, 1023, 977, 711, 66, 66, 1354, 319, 66, 66, 1354, 112, 1354, 1023, 66, 78, 66, 66, 66, 66, 97, 78, 74, 66, 66, 503, 324, 767, 863, 812, 862, 583, 326, 1105, 1354, 66, 66, 1354, 1354, 1076, 66, 66, 130, 680, 78, 66, 1354, 66, 1354, 1354, 1354, 1354, 1354, 1354, 1354, 1354, 585, 66, 66, 66, 66, 66, 66, 66, 66, 66, 66, 1354, 169, 66, 1354, 1354, 1172, 66, 106, 66, 54, 66, 105, 155, 66, 66, 1124, 189, 66, 66, 98, 402, 66, 343, 66, 146, 369, 369, 128, 66, 342, 326, 324, 876, 1354, 144, 770, 316, 958, 320, 324, 860, 792, 98, 66, 66, 66, 66, 66, 744, 97, 66, 90, 66, 90, 66, 66, 66, 792, 54, 66, 338, 554, 327, 997, 330, 66, 1338, 97, 450, 97, 66, 66, 332, 66, 1354, 520, 66, 78, 159, 693, 320, 318, 872, 1217, 323, 1354, 696, 361, 183, 258, 283, 470, 583, 97, 66, 66, 290, 66, 66, 66, 66, 672, 97, 66, 66, 315, 1052, 183, 411, 181, 183, 258, 777, 314, 889, 66, 66, 117, 66, 146, 1333, 445, 78, 66, 66, 66, 66, 66, 66, 831, 1105, 66, 256, 1354, 1354, 448, 158, 66, 66, 66, 66, 66, 319, 66, 184, 184, 509, 265, 74, 264, 66, 66, 160, 66, 1354, 877, 66, 78, 316, 998, 506, 326, 765, 767, 1216, 66, 160, 66, 78, 583, 66, 369, 369, 66, 66, 158, 66, 90, 1354, 1354, 1077, 66, 66, 66, 90, 90, 66, 66, 66, 230, 66, 276, 66, 639, 66, 66, 66, 321, 66, 66, 90, 90, 66, 158, 376, 471, 324, 66, 66, 66, 66, 66, 66, 66, 66, 66, 327, 66, 105, 54, 90, 105, 90, 146, 66, 326, 430, 54, 66, 1354, 1354, 1354, 1354, 66, 852, 767, 804, 1171, 317, 325, 1169, 1169, 312, 1169, 312, 1169, 324, 863, 323, 862, 1354, 411, 290, 510, 105, 90, 90, 66, 90, 66, 66, 1354, 1354, 215, 74, 66, 74, 66, 66, 651, 321, 447, 215, 447, 1354, 681, 583, 97, 90, 66, 66, 66, 66, 66, 66, 369, 369, 66, 66, 66, 137, 66, 1354, 1354, 1354, 1354, 1354, 1354, 90, 66, 78, 106, 1354, 1354, 1354, 1354, 54, 54, 54, 66, 66, 66, 66, 54, 66, 54, 66, 66, 214, 1354, 327, 66, 78, 66, 66, 66, 66, 66, 66, 66, 66, 66, 66, 66, 66, 66, 66, 66, 66, 66, 78, 54, 90, 54, 815, 78, 66, 66, 78, 159, 290, 66, 66, 1071, 66, 66, 66, 66, 66, 66, 1354, 1354, 66, 1287, 78, 78, 97, 398, 66, 117, 66, 66, 1354, 1354, 214, 66, 1354, 66, 771, 1006, 66, 78, 1032, 1126, 66, 1072, 66, 66, 159, 78, 74, 66, 645, 66, 583, 66, 1354, 1354, 1077, 66, 66, 1354, 684, 66, 117, 66, 384, 66, 146, 369, 369, 128, 66, 78, 74, 66, 583, 66, 1354, 1354, 1078, 66, 66, 1354, 112, 97, 608, 97, 66, 97, 66, 66, 78, 146, 369, 369, 128, 66, 74, 66, 583, 1342, 1342, 66, 510, 1051, 66, 363, 66, 1354, 118, 97, 609, 66, 97, 66, 398, 66, 101, 66, 101, 66, 97, 146, 66, 369, 369, 66, 326, 1120, 66, 66, 214, 66, 66, 78, 78, 74, 66, 583, 66, 1354, 1354, 1008, 66, 66, 146, 385, 385, 66, 74, 66, 771, 78, 78, 583, 78, 1097, 74, 66, 66, 74, 66, 74, 66, 583, 66, 1354, 723, 1354, 1354, 66, 583, 66, 1354, 301, 66, 66, 78, 583, 1354, 1354, 66, 66, 1354, 1354, 1354, 299, 66, 66, 1354, 299, 66, 1354, 1354, 185, 97, 66, 66, 645, 66, 66, 78, 78, 583, 1354, 1354, 66, 74, 66, 583, 130, 66, 1354, 1354, 1354, 298, 66, 66, 1354, 1354, 322, 66, 66, 494, 66, 1251, 1354, 66, 130, 1354, 1354, 66, 74, 66, 1097, 1354, 1354, 66, 66, 583, 1354, 1354, 465, 66, 1354, 66, 1354, 66, 1354, 1354, 1354, 1354, 1354, 185, 97, 54, 66, 66, 1354, 1354, 66, 799, 1354, 66, 66, 1354, 66, 146, 1354, 66, 1354, 66, 1354, 369, 1354, 66, 66, 369, 515, 66, 1354, 66, 1354, 66, 1354, 66, 66, 1252, 1354, 100, 66, 1354, 66, 1354, 66, 1354, 1354, 1354, 66, 66, 1354, 66, 1354, 66, 1354, 66, 1354, 66, 1354, 66, 1354, 66, 159, 1354, 66, 1354, 66, 1354, 66, 1354, 66, 1354, 66, 370, 1354, 1354, 66, 66, 1354, 66, 1354, 66, 1354, 1354, 66, 66, 1354, 66, 1354, 66, 1354, 66, 899, 66, 1354, 66, 1354, 1354, 66, 66, 1354, 66, 1354, 66, 1354, 66, 1354, 66, 1354, 1354, 66, 66, 1354, 66, 1354, 66, 97, 1354, 66, 1354, 66, 1354, 66, 1354, 66, 1354, 66, 1354, 66, 1354, 66, 1354, 66, 1354, 66, 1354, 1354, 66, 66, 130, 1354, 1354, 66, 66, 1354, 1354, 66, 66, 1354, 66, 1354, 66, 1354, 66, 1354, 66, 1354, 1354, 66, 66, 1354, 1354, 66, 66, 1354, 66, 1354, 66, 1354, 66, 1354, 1354, 66, 66, 1354, 66, 1354, 1354, 66, 66, 1354, 66, 1354, 66, 1354, 1354, 1354, 66, 66, 1354, 66, 1354, 1354, 66, 1354, 66, 66, 1354, 66, 1354, 66, 1354, 1354, 66, 66, 1354, 66, 1354, 1354, 66, 66, 1354, 82, 1354, 1338, 66, 66, 1354, 66, 1354, 1354, 66, 1354, 66, 66, 1354, 1354, 66, 1354, 1354, 1354, 66, 66, 1354, 1354, 1354, 1354, 66, 66, 117, 66, 1354, 1354, 66, 1354, 1354, 308, 66, 66, 1354, 66, 1354, 1354, 66, 1354, 66, 1354, 66, 1354, 66, 1354, 66, 1354, 66, 1354, 66, 1354, 66, 66, 1354, 1354, 66, 1354, 66, 799, 1354, 66, 66, 1354, 66, 1354, 66, 66, 66, 66, 1354, 66, 1354, 66, 1354, 66, 1354, 66, 1354, 66, 66, 509, 1354, 66, 1354, 66, 1354, 66, 1319, 1354, 1354, 66, 66, 1354, 1251, 1354, 66, 66, 1354, 1354, 1354, 1354, 1354, 1354, 66, 66, 1354, 1354, 1354, 66, 66, 1354, 1354, 1354, 1354, 1354, 1354, 1354, 1354, 66, 66, 66, 1354, 1354, 66, 1354, 1354, 66, 1354, 1354, 66, 1354, 1354, 66, 1354, 66, 1354, 1354, 1354, 66, 66, 1354, 1354, 1354, 1354, 1354, 1354, 1354, 1354, 1354, 1354, 1354, 1354, 1354, 1354, 1354, 1354, 1354, 1354, 1354, 66, 66, 66, 66, 1354, 66, 97, 90, 1354, 1354, 1354, 66, 1354, 1354, 1354, 66, 66, 66, 1354, 1354, 1354, 1354, 1354, 1354, 66, 66, 66, 1354, 1354, 1354, 1354, 1354, 1354, 1354, 1354, 1354, 1354, 1354, 74, 66, 66, 1354, 90, 66, 66, 66, 66, 66, 1354, 66, 1346, 66, 1354, 1354, 1354, 1354, 1354, 1354, 1354, 1354, 1354, 1354, 1354, 1354, 1354, 1354, 1354, 1354, 1354, 1354, 1354, 1354, 66, 66, 66, 1354, 1354, 1354, 1354, 1354, 1354, 66, 66, 66, 1354, 1354, 1354, 1354, 66, 1354, 1354, 1354, 1354, 1354, 1354, 1354, 1354, 1354, 1354, 1354, 1354, 66, 66, 66, 66, 1354, 1354, 1354, 1354, 1354, 1354, 66, 66, 66, 66, 1354, 1354, 1354, 1354, 1354, 1354, 1354, 1354, 1354, 1354, 1354, 66, 66, 1354, 1354, 66, 66, 66, 1354, 1354, 1354, 1354, 1354, 1354, 1354, 1354, 1354, 1354, 1354, 1354, 1354, 1354, 1354, 1354, 66, 66, 66, 1354, 1354, 1354, 1354, 1354, 1354, 1354, 1354, 1354, 1354, 66, 66, 1354, 1354, 1354, 1354, 1354, 1354, 1354, 1354, 1354, 1354, 1354, 1354, 1354, 1354, 1354, 1354, 1354, 1354, 1354, 66, 66, 1354, 1354, 1354, 1354, 1354, 1354, 1354, 1354, 1354, 1354, 1354, 1354, 1354, 1354, 1354, 1354, 1354, 1354, 1354, 1354, 1354, 66, 66, 1354, 1354, 1354, 1354, 1354, 1354, 1354, 1354, 1354, 66, 1354, 1354, 1354, 1354, 1354, 1354, 66, 1354, 1354, 1354, 66, 1354, 1354, 1354, 1354, 1354, 1354, 1354, 1354, 1354, 1354, 1354, 1354, 1354, 1354, 1354, 66, 66, 1354, 1354, 1354, 1354, 1354, 1354, 1354, 1354, 1354, 1354, 1354, 1354, 1354, 1354, 1354, 1354, 1354, 1354, 1354, 1354, 1354, 1354, 66, 66, 1354, 1354, 1354, 1354, 1354, 1354, 66, 66, 1354, 1354, 1354, 66, 1354, 1354, 1354, 1354, 1354, 1354, 1354, 1354, 1354, 1354, 1354, 1354, 1354, 1354, 1354, 1354, 1354, 1354, 1354, 1354, 1354, 1354, 1354, 1354, 66, 66, 1354, 1354, 1354, 1354, 1354, 1354, 1354, 1354, 1354, 1354, 1354, 1354, 1354, 66, 66, 66, 1354, 1354, 1354, 66, 1354, 1354, 1354, 1354, 1354, 1354, 1354, 1354, 1354, 1354, 1354, 1354, 1354, 1354, 1354, 1354, 1354, 1354, 1354, 1354, 1354, 1354, 1354, 1354, 1354, 1354, 1354, 66, 66, 1354, 1354, 1354, 66, 1354, 1354, 66, 66, 1354, 1354, 1354, 1354, 1354, 1354, 66, 1354, 1354, 1354, 66, 1354, 1354, 1354, 1354, 1354, 1354, 1354, 1354, 1354, 1354, 1354, 1354, 1354, 1354, 1354, 1354, 1354, 66, 1316, 1354, 1354, 66, 1354, 1354, 1354, 66, 1354, 1354, 1354, 1354, 1354, 1354, 66, 1354, 1354, 1354, 1354, 1354, 1354, 1354, 1354, 1354, 1354, 1354, 1354, 1354, 1354, 1354, 1354, 1354, 1354, 1354, 1354, 1354, 1354, 1354, 1354, 66, 66, 1354, 1354, 1354, 66, 1354, 1354, 1354, 1354, 1354, 1354, 1354, 1354, 1354, 1354, 1354, 1354, 1354, 1354, 66, 1354, 140, 1354, 1354, 1354, 1354, 1354, 1354, 1354, 1354, 1354, 362, 66, 66, 66, 1354, 66, 66, 1354, 66, 1354, 66, 1354, 1354, 66, 188, 168, 168, 168, 168, 172, 172, 1354, 66, 1354, 66, 66, 66, 1354, 1354, 66, 66, 66, 1354, 66, 1354, 1354, 1354, 66, 1354, 66, 1354, 66, 1354, 1354, 66, 66, 66, 66, 66, 66, 66, 1354, 1354, 66, 66, 1354, 1354, 1354, 66, 66, 1354, 1354, 1354, 66, 66, 1354, 66, 1354, 66, 1354, 66, 1354, 1354, 1354, 66, 66, 1354, 1354, 114, 66, 1354, 1354, 1354, 66, 66, 1306, 1354, 1354, 1354, 66, 66, 1354, 66, 1354, 1354, 66, 1354, 1354, 66, 1354, 66, 66, 1354, 66, 1354, 1354, 66, 1354, 66, 1354, 1354, 66, 1354, 66, 1354, 1354, 66, 1354, 1354, 1354, 66, 66, 1354, 66, 1354, 1354, 66, 1354, 106, 66, 1354, 1354, 1354, 66, 66, 1314, 66, 1354, 1354, 1354, 1354, 1354, 1354, 1354, 1354, 1354, 66, 66, 1354, 1354, 66, 1354, 1354, 1354, 66, 66, 1354, 1354, 66, 1354, 66, 1354, 1354, 66, 1354, 66, 1354, 1354, 66, 1354, 1354, 66, 66, 1354, 1354, 1354, 66, 66, 1354, 1354, 1354, 66, 66, 1354, 66, 1354, 1354, 1354, 66, 66, 1354, 1354, 1354, 66, 66, 1354, 1354, 1354, 1354, 66, 66, 1354, 66, 1354, 1354, 66, 1354, 66, 1354, 1354, 1354, 66, 1354, 66, 1354, 1354, 1354, 1354, 1354, 1354, 1354, 66, 66, 1354, 1354, 1354, 1050, 1354, 66, 66, 1354, 66, 1354, 66, 1354, 66, 1354, 66, 1354, 66, 1354, 66, 1354, 1354, 66, 1354, 1354, 66, 66, 1354, 1354, 66, 1354, 1354, 66, 1354, 1354, 66, 1354, 450, 66, 942, 1354, 324, 66, 66, 66]",4607305,54,1354,645.6425168161435,7136,162,141,8,2.2701793721973096,-0.117702,0.485293,0.022079605709557304,2325,2325,"[979, 328, 342, 342, 342, 342, 342, 342, 342, 342, 342, 209, 75, 235, 79, 215, 1392, 1242, 100, 83, 148, 191, 156, 1392, 80, 198, 861, 74, 74, 99, 616, 111, 1389, 106, 164, 85, 79, 79, 85, 85, 75, 75, 167, 167, 75, 87, 75, 107, 76, 110, 91, 135, 91, 95, 181, 135, 129, 148, 76, 169, 87, 107, 76, 111, 76, 81, 81, 85, 85, 73, 169, 97, 150, 208, 155, 1273, 239, 89, 81, 81, 78, 78, 196, 97, 138, 155, 100, 191, 83, 148, 1292, 1292, 82, 1292, 1292, 1292, 1292, 1292, 1292, 1292, 336, 986, 82, 82, 1292, 1292, 1292, 1292, 348, 986, 1292, 1292, 1292, 336, 348, 80, 198, 69, 85, 1227, 1292, 1292, 1218, 342, 73, 342, 342, 342, 342, 348, 1292, 74, 407, 264, 427, 284, 1292, 85, 154, 114, 82, 69, 75, 74, 85, 212, 135, 106, 199, 1389, 336, 84, 83, 75, 75, 78, 92, 74, 86, 92, 236, 91, 233, 1292, 125, 102, 94, 90, 337, 218, 1292, 73, 124, 213, 581, 73, 73, 501, 97, 74, 74, 1227, 73, 124, 124, 648, 104, 149, 149, 150, 149, 148, 424, 150, 158, 149, 126, 607, 130, 128, 115, 115, 69, 79, 70, 79, 70, 81, 86, 178, 81, 70, 70, 79, 70, 188, 79, 570, 64, 85, 537, 83, 128, 64, 128, 128, 83, 84, 128, 198, 84, 128, 128, 84, 128, 69, 128, 84, 69, 69, 69, 85, 73, 74, 259, 145, 141, 74, 128, 64, 128, 64, 77, 77, 65, 74, 86, 402, 76, 131, 76, 79, 79, 95, 131, 129, 73, 270, 86, 85, 84, 86, 1292, 1292, 1292, 82, 1292, 1292, 1292, 79, 81, 81, 97, 73, 155, 86, 1292, 1292, 1292, 1292, 82, 1292, 1292, 1292, 78, 344, 364, 238, 1292, 1292, 1292, 85, 1292, 125, 116, 125, 116, 78, 425, 76, 1288, 1193, 560, 163, 77, 77, 560, 163, 69, 111, 76, 75, 69, 74, 258, 78, 66, 78, 493, 508, 69, 281, 77, 78, 109, 69, 410, 77, 66, 80, 66, 198, 344, 364, 100, 83, 69, 73, 69, 213, 74, 82, 75, 74, 212, 148, 85, 191, 85, 135, 106, 209, 154, 83, 84, 78, 233, 236, 94, 78, 92, 213, 337, 74, 86, 90, 102, 407, 427, 97, 92, 75, 69, 75, 85, 85, 78, 86, 83, 83, 78, 142, 146, 196, 202, 235, 218, 266, 239, 213, 192, 238, 281, 457, 477, 264, 284, 1292, 1292, 1292, 1292, 1292, 1292, 1292, 1292, 1292, 1292, 79, 79, 95, 129, 82, 82, 84, 1292, 1292, 1292, 1292, 1292, 1292, 1292, 1292, 1292, 1292, 131, 116, 131, 110, 206, 980, 177, 560, 163, 69, 560, 163, 73, 70, 73, 371, 81, 78, 79, 76, 75, 97, 138, 129, 91, 131, 78, 696, 78, 171, 191, 73, 94, 75, 78, 92, 69, 75, 75, 85, 85, 86, 78, 83, 83, 84, 78, 213, 90, 86, 1242, 66, 142, 146, 218, 213, 266, 91, 235, 110, 238, 89, 281, 239, 192, 1242, 79, 202, 100, 90, 95, 1242, 1242, 94, 78, 85, 86, 86, 83, 94, 150, 143, 143, 201, 78, 163, 90, 90, 294, 314, 101, 85, 84, 75, 77, 1392, 107, 158, 130, 170, 177, 90, 90, 1242, 1242, 1242, 1242, 1242, 1242, 1242, 1242, 1242, 81, 946, 1242, 81, 78, 78, 388, 408, 1242, 1292, 1292, 124, 1288, 467, 321, 1292, 1292, 1292, 1292, 90, 1292, 1292, 118, 1288, 1292, 731, 124, 1242, 138, 1292, 1292, 119, 334, 90, 82, 1292, 1292, 1292, 1292, 1292, 82, 1292, 1242, 82, 1292, 1292, 343, 1242, 1242, 1292, 336, 986, 67, 994, 67, 1292, 65, 344, 672, 120, 73, 73, 120, 73, 1288, 1288, 202, 162, 169, 71, 73, 73, 1292, 1292, 1292, 1292, 122, 1242, 82, 82, 1292, 1292, 1242, 1242, 212, 1242, 1292, 1292, 111, 1288, 483, 1288, 109, 1292, 344, 990, 79, 120, 73, 1126, 168, 560, 163, 73, 71, 70, 74, 1242, 81, 579, 63, 77, 1242, 1242, 1242, 350, 83, 294, 314, 74, 83, 66, 115, 88, 802, 100, 1042, 94, 77, 73, 654, 163, 67, 74, 75, 76, 1294, 96, 1292, 1292, 1292, 1292, 1292, 1292, 1292, 1292, 227, 76, 87, 70, 1239, 169, 171, 191, 892, 156, 207, 107, 207, 892, 1292, 1292, 383, 86, 161, 68, 68, 68, 82, 82, 84, 1292, 1292, 1292, 1292, 1292, 1292, 1292, 131, 113, 77, 75, 1292, 79, 75, 79, 1288, 100, 1288, 1292, 246, 720, 283, 246, 158, 164, 161, 166, 159, 156, 152, 163, 160, 171, 160, 1292, 114, 545, 560, 163, 73, 69, 69, 65, 559, 73, 70, 63, 70, 70, 145, 73, 70, 73, 70, 560, 163, 69, 70, 70, 73, 73, 78, 232, 160, 75, 77, 69, 1292, 1292, 1292, 124, 78, 1292, 1292, 1292, 82, 82, 1292, 1292, 66, 66, 82, 1292, 1292, 417, 1292, 77, 1292, 312, 346, 101, 988, 357, 165, 126, 120, 75, 73, 78, 1288, 1211, 78, 415, 212, 327, 364, 1292, 286, 66, 78, 78, 131, 112, 1288, 184, 184, 451, 168, 65, 73, 67, 405, 396, 78, 71, 73, 305, 65, 365, 560, 163, 73, 73, 71, 68, 69, 77, 768, 85, 588, 213, 77, 211, 70, 74, 588, 1287, 1194, 325, 1267, 78, 77, 534, 65, 531, 78, 1288, 1292, 129, 112, 85, 66, 74, 69, 222, 74, 70, 127, 72, 391, 77, 294, 314, 66, 73, 78, 1184, 106, 78, 78, 374, 69, 66, 66, 78, 251, 213, 66, 430, 77, 78, 228, 1292, 1292, 66, 1242, 1292, 1292, 118, 1292, 1292, 1242, 1242, 1242, 957, 1292, 93, 1322, 127, 123, 427, 1288, 527, 1322, 70, 145, 77, 1090, 522, 66, 71, 91, 63, 66, 85, 89, 70, 462, 76, 123, 77, 465, 83, 825, 571, 158, 158, 151, 157, 154, 159, 152, 158, 154, 156, 153, 164, 74, 76, 83, 86, 74, 79, 87, 70, 70, 70, 70, 70, 70, 66, 70, 66, 64, 617, 66, 1288, 1292, 1292, 1292, 1292, 1292, 1292, 1292, 142, 106, 215, 329, 191, 149, 164, 375, 161, 409, 378, 73, 75, 73, 73, 79, 75, 77, 75, 75, 75, 78, 75, 78, 78, 78, 341, 329, 105, 64, 65, 1214, 1292, 87, 1204, 1292, 246, 623, 64, 78, 80, 92, 80, 76, 80, 180, 75, 172, 77, 85, 891, 85, 66, 66, 66, 66, 66, 82, 80, 80, 167, 87, 169, 249, 292, 880, 66, 67, 115, 654, 163, 517, 107, 70, 107, 86, 74, 80, 1292, 1292, 1292, 82, 1292, 1292, 1292, 1292, 1292, 131, 115, 1057, 82, 1292, 1198, 1218, 82, 83, 83, 1292, 560, 163, 69, 1292, 1288, 1292, 1218, 1242, 1292, 878, 1292, 74, 77, 75, 79, 208, 212, 76, 1288, 1292, 1292, 1292, 157, 264, 253, 1292, 1292, 1292, 99, 1292, 216, 1292, 1292, 1292, 1292, 1292, 1292, 560, 163, 67, 198, 111, 77, 77, 1292, 1292, 71, 1262, 67, 67, 67, 67, 69, 69, 69, 69, 69, 69, 67, 66, 73, 66, 131, 216, 237, 78, 162, 66, 76, 110, 1242, 84, 84, 209, 204, 1288, 110, 80, 80, 107, 165, 167, 69, 74, 86, 171, 1419, 1439, 213, 71, 98, 98, 66, 189, 189, 127, 127, 79, 95, 194, 66, 835, 95, 194, 419, 112, 82, 81, 139, 66, 81, 82, 82, 167, 87, 139, 263, 252, 107, 1242, 1242, 1242, 1242, 1242, 73, 148, 1244, 854, 70, 472, 100, 74, 1242, 1242, 1242, 1242, 90, 90, 732, 255, 77, 83, 281, 674, 209, 77, 83, 239, 1242, 73, 1292, 1292, 122, 1292, 1292, 1292, 1292, 1242, 72, 90, 66, 148, 67, 82, 1292, 1292, 1292, 1292, 1292, 1242, 1242, 90, 1292, 343, 68, 991, 120, 75, 73, 1288, 1292, 352, 124, 140, 1242, 1242, 1242, 1242, 168, 67, 67, 71, 73, 84, 158, 70, 90, 1242, 81, 1242, 941, 1288, 73, 1292, 116, 1292, 348, 359, 77, 77, 65, 81, 441, 461, 90, 1242, 1242, 1242, 1242, 82, 247, 82, 202, 213, 84, 161, 86, 1242, 1242, 1242, 1242, 79, 85, 115, 654, 163, 107, 80, 1242, 81, 81, 1288, 1292, 1292, 1292, 1292, 1292, 1292, 1292, 1292, 1292, 1292, 1292, 1292, 1292, 1292, 1292, 1292, 1292, 1292, 1292, 1292, 1292, 1292, 1292, 1292, 1292, 1292, 1292, 1292, 1292, 1292, 1292, 1292, 1292, 1292, 1292, 1292, 1292, 1292, 162, 162, 1262, 1282, 143, 69, 65, 65, 65, 203, 65, 65, 65, 65, 1292, 1292, 1292, 1292, 1292, 65, 65, 65, 65, 65, 65, 65, 65, 65, 66, 66, 68, 1292, 1292, 1292, 1292, 73, 68, 68, 68, 1292, 1292, 68, 1292, 1292, 1292, 1292, 68, 66, 1292, 1292, 1292, 1292, 1292, 1292, 66, 66, 1292, 1292, 72, 1292, 1292, 1292, 1292, 1292, 1292, 1292, 1292, 1292, 1292, 66, 66, 66, 1292, 1292, 66, 71, 1292, 1292, 1292, 1292, 1292, 1292, 1292, 1292, 1292, 1292, 1292, 1292, 1292, 1292, 1292, 1292, 66, 66, 66, 1292, 1292, 66, 1292, 1292, 1292, 1292, 1292, 1292, 66, 1292, 1292, 1292, 1292, 1292, 1292, 1292, 1292, 1292, 1292, 1292, 1292, 67, 1292, 1292, 1292, 1292, 1292, 1292, 1292, 1292, 1292, 1292, 66, 1292, 1292, 1292, 1292, 1292, 1292, 1292, 1292, 1292, 1292, 1292, 1292, 1292, 1292, 1292, 1292, 1292, 1292, 1292, 1292, 66, 1292, 1292, 1292, 1292, 66, 1292, 1292, 1292, 1292, 1292, 1292, 1292, 1292, 1292, 1292, 1292, 1292, 1292, 1292, 67, 1292, 1292, 1292, 1292, 1292, 1292, 66, 1292, 1292, 1292, 1292, 1292, 1292, 1292, 1292, 1292, 1292, 1292, 67, 67, 1292, 1292, 1292, 1292, 1292, 1292, 1292, 1292, 67, 72, 1292, 1292, 1292, 1292, 1292, 1292, 1292, 1292, 92, 1292, 1292, 1292, 1292, 1292, 1292, 1292, 1292, 1292, 1292, 67, 68, 73, 1292, 1292, 1292, 1292, 1292, 1292, 1292, 1292, 1292, 1292, 1292, 1292, 1292, 1292, 1292, 1292, 1292, 67, 1292, 1292, 67, 67, 67, 168, 66, 67, 1292, 1292, 1292, 1292, 1292, 1292, 1292, 1292, 1292, 1292, 1292, 1292, 1292, 1292, 1292, 1292, 1292, 1292, 1292, 1292, 1292, 1292, 1292, 1292, 1292, 1292, 1292, 1292, 1292, 1292, 1292, 1292, 1292, 1292, 1292, 1292, 1292, 1292, 1292, 1292, 67, 1292, 1292, 1292, 1292, 1292, 1292, 1292, 1292, 1292, 1292, 1292, 1292, 1292, 1292, 67, 1292, 1292, 67, 68, 67, 1292, 1292, 1292, 1292, 1292, 1292, 1292, 1292, 1292, 1292, 1292, 1292, 67, 67, 1292, 1292, 1292, 1292, 1292, 1292, 1292, 1292, 1292, 1292, 1292, 1292, 67, 1292, 1292, 1292, 1292, 1292, 618, 1285, 1292, 1292, 1292, 1292, 1292, 1292, 1292, 1292, 1292, 1292, 1292, 1292, 1292, 1292, 1292, 1292, 1292, 1292, 1292, 1292, 1292, 1292, 67, 67, 1292, 1292, 1292, 1292, 1292, 1292, 1292, 1292, 1292, 1292, 1292, 1292, 1292, 67, 68, 1292, 1292, 811, 72, 67, 67, 68, 67, 68, 75, 134, 79, 67, 100, 83, 80, 80, 167, 87, 107, 69, 148, 191, 212, 249, 85, 368, 141, 70, 74, 1292, 374, 138, 231, 73, 77, 1292, 347, 138, 73, 293, 77, 65, 377, 66, 69, 85, 73, 1288, 1292, 1292, 1292, 1292, 1292, 1292, 1292, 1292, 1292, 1292, 1292, 1292, 1292, 1292, 1292, 1292, 1292, 1292, 1292, 1292, 1292, 1288, 1292, 1292, 1292, 683, 1288, 1292, 1292, 1292, 512, 586, 82, 85, 83, 82, 362, 82, 84, 84, 86, 85, 86, 85, 85, 79, 79, 83, 78, 78, 74, 80, 362, 80, 1288, 75, 582, 590, 107, 590, 69, 85, 85, 209, 70, 212, 201, 209, 233, 95, 247, 204, 143, 165, 202, 68, 68, 68, 334, 211, 129, 106, 138, 222, 135, 68, 69, 65, 167, 73, 70, 72, 69, 65, 65, 74, 67, 65, 73, 75, 213, 1292, 83, 83, 281, 239, 78, 94, 83, 83, 253, 74, 86, 264, 90, 102, 85, 85, 84, 92, 266, 238, 76, 236, 337, 131, 76, 75, 75, 107, 148, 131, 1292, 1292, 67, 91, 86, 87, 161, 171, 87, 71, 84, 84, 131, 97, 101, 1292, 296, 76, 76, 1133, 1288, 1292, 1292, 1292, 1292, 175, 986, 1288, 1292, 1292, 1292, 1292, 122, 1133, 1288, 1292, 1242, 1242, 77, 73, 73, 77, 73, 73, 73, 75, 77, 79, 172, 67, 177, 158, 161, 196, 216, 132, 183, 69, 65, 73, 74, 879, 1288, 821, 70, 215, 77, 264, 89, 89, 105, 149, 1292, 1292, 78, 1242, 1292, 89, 89, 1292, 71, 1242, 213, 82, 82, 1292, 75, 75, 82, 1419, 1439, 82, 71, 1242, 1242, 66, 1292, 217, 125, 76, 217, 246, 105, 1292, 77, 73, 145, 205, 149, 216, 148, 205, 94, 107, 67, 1242, 1242, 1242, 1242, 67, 1242, 1242, 74, 72, 279, 79, 84, 87, 169, 107, 67, 167, 127, 1016, 528, 66, 66, 91, 86, 89, 213, 70, 86, 554, 100, 83, 97, 79, 79, 93, 93, 84, 84, 86, 76, 1242, 84, 92, 73, 84, 1288, 459, 84, 75, 69, 69, 82, 1242, 107, 148, 191, 164, 196, 129, 169, 109, 95, 236, 209, 131, 337, 169, 212, 204, 209, 85, 135, 85, 1242, 69, 1242, 1242, 74, 106, 78, 78, 83, 138, 334, 233, 74, 78, 74, 86, 81, 77, 75, 102, 94, 109, 90, 209, 219, 174, 78, 66, 1242, 98, 98, 1242, 86, 1242, 1242, 189, 189, 171, 1242, 1145, 1242, 1242, 1242, 1242, 1242, 1242, 1242, 1242, 1242, 1242, 78, 213, 1242, 81, 1242, 1242, 1213, 83, 1242, 81, 83, 1242, 947, 81, 213, 95, 95, 194, 194, 115, 654, 163, 74, 76, 1294, 92, 474, 76, 115, 110, 100, 655, 163, 68, 68, 396, 63, 78, 78, 73, 72, 69, 80, 108, 82, 82, 83, 83, 1242, 94, 94, 85, 202, 247, 281, 156, 241, 239, 1242, 1242, 1242, 211, 1242, 81, 1242, 1242, 1242, 944, 81, 115, 655, 163, 85, 222, 223, 74, 109, 96, 76, 72, 1294, 74, 194, 68, 87, 107, 75, 424, 76, 68, 167, 113, 207, 74, 134, 213, 80, 69, 87, 172, 67, 84, 161, 84, 158, 92, 193, 1242, 256, 76, 73, 83, 73, 298, 68, 72, 1242, 83, 235, 90, 166, 85, 164, 1242, 1242, 1242, 1242, 1242, 81, 1242, 1242, 1242, 81, 938, 81, 115, 655, 163, 107, 74, 92, 76, 1294, 68, 478, 76, 69, 344, 68, 261, 90, 390, 747, 76, 73]",1229822,63,1439,528.9556989247312,0,547,1,9451,"[342, 342, 342, 342, 342, 342, 342, 342, 342, 75, 235, 79, 215, 1392, 78, 74, 66, 1242, 583, 100, 83, 148, 191, 156, 1392, 80, 198, 66, 1354, 1354, 965, 66, 861, 74, 74, 99, 616, 111, 1389, 106, 164, 85, 79, 66, 146, 979, 79, 85, 85, 75, 78, 75, 167, 167, 75, 87, 75, 76, 1059, 110, 91, 135, 91, 95, 181, 135, 129, 148, 74, 66, 76, 169, 87, 76, 111, 76, 66, 81, 81, 85, 85, 369, 78, 369, 137, 66, 66, 73, 169, 97, 150, 208, 155, 1273, 239, 89, 81, 81, 78, 78, 196, 97, 138, 155, 401, 66, 100, 191, 78, 74, 66, 83, 78, 148, 74, 66, 78, 78, 66, 66, 107, 66, 1354, 639, 1292, 1292, 1354, 1022, 82, 1292, 1292, 66, 66, 66, 1292, 1354, 1354, 1354, 465, 66, 1292, 1292, 1292, 1292, 336, 986, 66, 1354, 242, 66, 82, 82, 1292, 1292, 1292, 1292, 348, 986, 1292, 1292, 1292, 336, 348, 80, 198, 69, 85, 1227, 1292, 1292, 1218, 342, 73, 342, 342, 342, 342, 348, 1292, 74, 407, 264, 1292, 85, 154, 114, 82, 69, 75, 74, 85, 212, 135, 106, 199, 1389, 379, 336, 84, 66, 83, 75, 75, 259, 66, 78, 92, 74, 86, 92, 236, 91, 233, 97, 1292, 125, 102, 94, 90, 337, 218, 1292, 78, 78, 66, 107, 66, 73, 124, 213, 581, 73, 73, 501, 97, 74, 74, 1354, 597, 1227, 1354, 78, 73, 124, 124, 140, 648, 104, 192, 149, 149, 150, 149, 148, 424, 150, 158, 149, 126, 607, 130, 128, 115, 115, 78, 788, 1026, 66, 69, 79, 70, 79, 70, 74, 66, 81, 86, 178, 81, 70, 70, 79, 70, 188, 79, 74, 66, 66, 270, 66, 66, 570, 64, 85, 66, 78, 537, 83, 128, 64, 128, 128, 83, 84, 128, 198, 84, 128, 128, 84, 128, 69, 128, 84, 69, 66, 66, 66, 69, 69, 85, 78, 66, 74, 66, 672, 66, 127, 66, 73, 78, 74, 74, 66, 259, 145, 141, 74, 128, 64, 128, 64, 77, 77, 65, 691, 421, 66, 74, 1354, 598, 66, 66, 66, 66, 66, 86, 99, 66, 1354, 1354, 1354, 723, 66, 66, 66, 66, 402, 76, 131, 76, 79, 79, 95, 131, 129, 73, 270, 86, 85, 84, 86, 1292, 1292, 1292, 82, 1292, 1292, 1292, 79, 81, 81, 97, 73, 155, 66, 66, 66, 1354, 635, 86, 66, 66, 66, 66, 1354, 66, 1354, 1354, 985, 66, 78, 1292, 1292, 1292, 1292, 82, 1292, 1292, 66, 1292, 66, 66, 78, 344, 238, 1354, 330, 66, 1292, 1292, 66, 1292, 85, 1292, 66, 66, 125, 116, 125, 116, 78, 425, 76, 1288, 1193, 560, 163, 66, 77, 77, 560, 163, 69, 111, 76, 75, 69, 130, 1354, 537, 416, 66, 145, 145, 66, 66, 74, 629, 113, 258, 78, 66, 66, 78, 117, 493, 508, 66, 69, 281, 77, 78, 109, 69, 313, 66, 66, 410, 77, 66, 80, 66, 198, 344, 100, 83, 69, 73, 69, 213, 74, 82, 75, 74, 212, 148, 85, 191, 85, 135, 106, 209, 154, 83, 84, 78, 233, 236, 94, 78, 92, 213, 337, 74, 86, 90, 102, 407, 97, 92, 75, 69, 75, 85, 85, 78, 86, 83, 83, 78, 142, 146, 196, 202, 235, 218, 266, 239, 213, 192, 238, 281, 457, 264, 78, 1292, 1292, 1292, 1292, 1292, 1292, 1292, 1292, 1292, 1292, 79, 216, 79, 95, 129, 82, 82, 84, 1292, 1292, 1292, 1292, 1292, 1292, 1292, 1292, 66, 74, 66, 1292, 1292, 131, 116, 131, 110, 206, 980, 177, 560, 163, 69, 560, 163, 70, 70, 73, 70, 73, 371, 81, 78, 79, 76, 75, 97, 138, 129, 91, 131, 78, 78, 696, 78, 78, 74, 66, 171, 73, 94, 75, 78, 92, 69, 75, 75, 85, 85, 86, 78, 83, 83, 84, 78, 213, 90, 78, 86, 66, 78, 240, 78, 1242, 78, 74, 66, 66, 583, 142, 146, 218, 213, 266, 91, 235, 110, 238, 89, 281, 239, 192, 74, 1242, 79, 66, 202, 100, 90, 95, 66, 66, 66, 583, 1242, 1242, 1354, 1354, 66, 66, 74, 66, 74, 66, 1354, 1354, 94, 66, 1354, 271, 66, 1354, 916, 66, 141, 130, 66, 1354, 1354, 1076, 66, 66, 680, 66, 66, 117, 78, 85, 86, 86, 83, 94, 150, 143, 143, 201, 66, 117, 66, 146, 163, 66, 114, 361, 97, 66, 97, 66, 78, 74, 66, 583, 66, 305, 66, 66, 234, 1354, 66, 1354, 1078, 66, 1354, 291, 417, 400, 728, 97, 97, 78, 66, 163, 369, 369, 128, 66, 802, 78, 294, 66, 90, 898, 97, 146, 90, 78, 66, 278, 78, 66, 130, 158, 492, 66, 278, 66, 74, 130, 66, 74, 66, 66, 97, 66, 66, 101, 66, 66, 546, 97, 105, 66, 105, 105, 74, 583, 90, 66, 66, 66, 593, 66, 97, 66, 66, 66, 294, 1011, 66, 66, 66, 131, 66, 66, 74, 66, 583, 135, 183, 241, 147, 92, 66, 931, 66, 101, 85, 84, 75, 77, 66, 130, 66, 1392, 132, 66, 107, 158, 130, 170, 177, 78, 78, 78, 74, 66, 66, 66, 463, 66, 1354, 998, 78, 66, 1354, 1062, 90, 78, 66, 1354, 130, 78, 66, 78, 1354, 104, 246, 74, 74, 66, 66, 78, 1354, 66, 74, 66, 175, 140, 90, 66, 66, 158, 78, 1354, 1354, 249, 1354, 1354, 249, 90, 583, 130, 1034, 66, 66, 97, 97, 66, 78, 78, 78, 78, 78, 78, 66, 78, 66, 1354, 246, 66, 66, 54, 54, 1242, 1354, 1354, 66, 74, 78, 66, 74, 74, 66, 66, 678, 66, 1354, 299, 66, 66, 1242, 74, 66, 74, 74, 66, 66, 1242, 1242, 1242, 583, 1242, 1242, 1242, 1242, 66, 81, 946, 1242, 1354, 1354, 66, 507, 756, 130, 81, 1354, 1354, 114, 66, 147, 78, 78, 175, 1354, 849, 1354, 849, 1354, 814, 517, 78, 78, 388, 1354, 1242, 78, 1292, 1292, 124, 1288, 467, 321, 1292, 1292, 1292, 1292, 1354, 541, 78, 78, 78, 78, 78, 1354, 573, 1354, 1022, 1354, 1022, 1354, 535, 90, 78, 1292, 1292, 118, 1288, 1292, 731, 124, 1354, 1354, 1354, 1354, 1354, 1354, 1242, 690, 114, 1354, 1354, 175, 241, 105, 1354, 585, 354, 97, 66, 354, 90, 66, 722, 66, 78, 66, 78, 744, 66, 70, 66, 66, 138, 1292, 1292, 119, 334, 132, 130, 74, 74, 74, 74, 74, 66, 66, 78, 74, 74, 74, 90, 78, 66, 78, 66, 66, 1250, 1354, 78, 184, 78, 66, 78, 78, 78, 66, 78, 1354, 66, 66, 66, 66, 66, 66, 66, 66, 1354, 1354, 66, 66, 66, 78, 66, 1354, 1354, 82, 66, 66, 78, 1292, 1354, 1354, 1092, 1354, 1028, 1354, 875, 1354, 843, 1354, 503, 1354, 535, 1354, 567, 105, 1292, 1292, 1292, 1292, 82, 1292, 1242, 1354, 1354, 66, 82, 1292, 78, 78, 66, 66, 66, 78, 78, 78, 78, 278, 78, 66, 278, 66, 1354, 66, 1354, 130, 130, 165, 278, 66, 66, 66, 66, 66, 66, 66, 1354, 1354, 1354, 1354, 1354, 1312, 242, 66, 66, 78, 1354, 1354, 66, 66, 66, 78, 66, 1354, 130, 66, 408, 1354, 1354, 1354, 1354, 820, 1354, 1354, 1354, 1312, 66, 78, 66, 1354, 1354, 1354, 1292, 197, 343, 1354, 242, 1242, 1242, 1354, 1354, 1354, 1354, 1354, 1354, 1292, 336, 986, 67, 994, 67, 66, 78, 1292, 65, 344, 672, 78, 652, 652, 261, 66, 1354, 66, 78, 66, 1354, 1354, 1296, 66, 78, 120, 73, 1354, 247, 73, 120, 73, 1288, 1288, 66, 202, 140, 66, 158, 524, 171, 1354, 1354, 1354, 1354, 1354, 1320, 1354, 1354, 66, 147, 66, 66, 130, 66, 66, 66, 1354, 1354, 1354, 1321, 652, 1354, 261, 1354, 78, 1354, 78, 1354, 1354, 1354, 1354, 1354, 1319, 74, 66, 54, 54, 66, 54, 54, 66, 54, 78, 66, 242, 78, 86, 78, 162, 169, 197, 130, 71, 66, 78, 1354, 1354, 1317, 1317, 1317, 1317, 251, 54, 1064, 66, 132, 97, 66, 54, 66, 682, 66, 66, 54, 54, 54, 1354, 78, 78, 78, 78, 78, 78, 140, 78, 1038, 66, 66, 1354, 1354, 66, 97, 66, 74, 66, 1354, 66, 1026, 66, 66, 54, 54, 1354, 73, 66, 73, 158, 97, 97, 1292, 1292, 78, 78, 97, 1354, 979, 336, 1354, 966, 338, 567, 1354, 423, 343, 185, 726, 1354, 1354, 1354, 477, 444, 831, 832, 1354, 66, 1292, 1292, 122, 1354, 66, 1242, 729, 97, 757, 66, 674, 471, 97, 105, 674, 66, 66, 66, 66, 66, 66, 511, 1354, 532, 66, 66, 138, 97, 74, 66, 66, 66, 74, 1354, 66, 66, 66, 66, 82, 82, 1354, 1292, 1292, 66, 105, 304, 354, 411, 66, 66, 66, 1354, 66, 1242, 1242, 212, 1354, 66, 1242, 1354, 78, 66, 1312, 78, 1354, 66, 1354, 1292, 66, 1292, 111, 1288, 483, 1288, 109, 66, 1292, 344, 990, 79, 1354, 1354, 66, 74, 66, 66, 120, 73, 1126, 1354, 66, 1354, 66, 1354, 66, 168, 1354, 560, 163, 66, 73, 71, 70, 74, 1354, 66, 1354, 66, 1354, 66, 1354, 66, 1354, 66, 1354, 66, 1354, 66, 1354, 66, 1242, 1354, 66, 1354, 66, 1354, 81, 66, 1354, 66, 1354, 66, 1354, 66, 1354, 579, 66, 1354, 63, 66, 77, 1354, 66, 1354, 66, 1242, 1242, 1354, 66, 1354, 66, 1242, 350, 1354, 83, 66, 1354, 66, 1354, 66, 1354, 294, 66, 1354, 66, 1354, 66, 1354, 66, 1354, 66, 675, 66, 1354, 66, 1354, 66, 1354, 1354, 66, 1354, 66, 1354, 66, 1354, 66, 1354, 66, 74, 1354, 66, 1354, 66, 1354, 66, 1354, 66, 83, 1354, 66, 270, 66, 90, 90, 66, 66, 66, 66, 115, 88, 802, 100, 1042, 94, 77, 73, 654, 163, 67, 78, 74, 376, 75, 76, 1294, 96, 400, 1292, 1292, 1292, 1292, 1292, 1292, 1292, 1292, 227, 76, 87, 70, 1354, 789, 1239, 169, 78, 171, 892, 156, 839, 479, 207, 605, 66, 427, 586, 313, 586, 258, 584, 264, 97, 105, 97, 597, 243, 97, 97, 97, 97, 584, 251, 107, 936, 207, 892, 1292, 1292, 383, 1354, 1354, 1354, 692, 86, 161, 74, 68, 68, 68, 82, 78, 66, 74, 66, 66, 66, 1354, 66, 66, 66, 82, 84, 1292, 1292, 1292, 1292, 1292, 1292, 66, 1354, 1354, 1354, 1354, 1354, 1354, 1354, 776, 78, 603, 66, 1292, 278, 131, 66, 113, 77, 75, 1292, 79, 75, 79, 1288, 100, 1288, 1292, 246, 720, 283, 246, 158, 105, 164, 161, 166, 159, 156, 152, 163, 160, 171, 160, 130, 1292, 114, 545, 560, 163, 73, 66, 69, 69, 65, 559, 73, 70, 63, 70, 70, 145, 73, 652, 66, 70, 66, 73, 743, 66, 70, 560, 163, 69, 70, 70, 73, 73, 78, 232, 160, 75, 77, 69, 175, 130, 66, 1354, 878, 1354, 782, 78, 66, 1354, 1292, 1292, 1292, 124, 78, 66, 1354, 78, 1354, 804, 1292, 1292, 1292, 78, 557, 78, 82, 82, 1292, 1292, 66, 155, 1354, 405, 100, 178, 66, 78, 66, 82, 66, 66, 1354, 278, 1292, 1292, 66, 130, 278, 66, 583, 130, 78, 652, 66, 417, 1292, 77, 1292, 312, 346, 101, 988, 357, 165, 126, 120, 75, 73, 78, 1288, 1211, 78, 415, 212, 327, 652, 364, 269, 66, 1292, 286, 1354, 1354, 559, 66, 98, 66, 66, 66, 78, 78, 131, 112, 1288, 184, 184, 451, 130, 1044, 168, 65, 73, 67, 405, 396, 78, 71, 73, 305, 65, 365, 560, 163, 73, 73, 54, 66, 71, 68, 66, 69, 98, 77, 66, 66, 768, 283, 97, 105, 66, 105, 66, 98, 85, 588, 213, 77, 729, 66, 211, 70, 1354, 1354, 1354, 1354, 1354, 469, 66, 66, 93, 604, 66, 74, 109, 588, 98, 98, 66, 1287, 1194, 325, 1267, 78, 77, 534, 1354, 494, 296, 66, 66, 65, 151, 66, 116, 531, 78, 360, 97, 105, 66, 105, 534, 66, 1288, 1292, 129, 112, 85, 66, 66, 74, 69, 106, 66, 222, 66, 74, 70, 127, 1354, 787, 93, 66, 72, 391, 77, 66, 66, 1037, 149, 66, 130, 258, 97, 105, 294, 66, 105, 66, 73, 376, 78, 278, 66, 130, 230, 66, 1184, 446, 652, 66, 97, 66, 66, 106, 603, 66, 78, 78, 374, 147, 69, 66, 132, 66, 66, 66, 78, 97, 251, 854, 213, 66, 66, 66, 155, 100, 66, 66, 66, 169, 66, 430, 66, 101, 531, 66, 66, 77, 90, 66, 78, 1354, 1354, 1354, 1348, 66, 66, 74, 66, 729, 66, 78, 604, 66, 228, 1292, 1292, 66, 1242, 1292, 1292, 118, 1292, 1292, 1242, 1242, 1242, 957, 1292, 93, 1322, 127, 123, 427, 1288, 527, 1322, 70, 145, 77, 1090, 1348, 66, 522, 66, 71, 91, 63, 66, 78, 85, 89, 98, 70, 150, 462, 76, 123, 77, 465, 83, 66, 825, 571, 158, 158, 151, 157, 154, 159, 152, 158, 154, 156, 153, 164, 74, 76, 83, 1354, 641, 86, 74, 79, 1354, 66, 87, 78, 98, 70, 70, 70, 70, 70, 70, 66, 70, 66, 94, 64, 617, 66, 1288, 1292, 1292, 1292, 1292, 1292, 1292, 1292, 142, 106, 215, 329, 191, 149, 164, 375, 161, 409, 378, 66, 73, 75, 73, 73, 79, 75, 77, 75, 75, 75, 78, 75, 78, 78, 78, 341, 124, 329, 1067, 105, 64, 97, 65, 124, 1354, 1354, 771, 1214, 1292, 87, 1204, 1292, 246, 623, 771, 64, 78, 66, 66, 78, 78, 80, 92, 80, 76, 80, 180, 75, 172, 77, 85, 66, 891, 74, 66, 85, 66, 66, 66, 66, 66, 66, 78, 1354, 1354, 980, 66, 66, 130, 158, 1354, 907, 583, 66, 82, 80, 80, 66, 167, 87, 66, 145, 145, 130, 169, 249, 292, 66, 97, 880, 1354, 1354, 1354, 1348, 1354, 1354, 1354, 695, 66, 66, 66, 66, 67, 66, 115, 654, 163, 517, 78, 70, 74, 66, 1354, 66, 1354, 1354, 1354, 75, 66, 66, 107, 150, 66, 1037, 130, 680, 66, 130, 680, 66, 86, 78, 74, 80, 74, 66, 1292, 1292, 1292, 1354, 844, 1354, 1354, 1354, 1354, 104, 66, 66, 82, 1292, 1292, 78, 66, 1354, 1292, 1292, 1292, 78, 131, 115, 1057, 1354, 876, 82, 1292, 78, 1354, 1198, 292, 97, 322, 82, 83, 83, 1292, 78, 78, 98, 278, 560, 163, 69, 1292, 1288, 1292, 1218, 1242, 1292, 878, 78, 1292, 66, 74, 78, 77, 75, 79, 208, 212, 130, 76, 1288, 1292, 1292, 1292, 157, 264, 253, 74, 1292, 1292, 1292, 66, 66, 99, 97, 66, 1292, 216, 1292, 1292, 78, 66, 74, 78, 1354, 66, 1292, 1292, 1292, 1292, 66, 560, 163, 67, 198, 111, 66, 77, 77, 1292, 1292, 71, 1262, 652, 67, 67, 67, 67, 69, 78, 69, 69, 69, 66, 69, 278, 66, 130, 69, 67, 652, 66, 583, 66, 1354, 1354, 1059, 66, 66, 73, 66, 107, 66, 583, 180, 74, 66, 66, 78, 1342, 1342, 1342, 334, 106, 66, 1319, 66, 1354, 598, 583, 74, 66, 66, 66, 66, 66, 66, 66, 66, 481, 66, 66, 131, 216, 1354, 603, 78, 382, 1288, 66, 97, 105, 66, 98, 78, 237, 66, 1354, 1354, 986, 1354, 1354, 1354, 933, 66, 66, 130, 1354, 537, 74, 66, 105, 74, 66, 66, 106, 66, 66, 66, 1354, 1354, 66, 121, 66, 66, 145, 145, 66, 106, 629, 66, 66, 1354, 1308, 583, 583, 1354, 1354, 66, 1354, 1354, 1354, 66, 1354, 1354, 1354, 1354, 1354, 66, 66, 78, 66, 1354, 1354, 1354, 1354, 66, 139, 1354, 1354, 1059, 1354, 1029, 66, 66, 66, 66, 66, 162, 1354, 1354, 1354, 1354, 1354, 1354, 1354, 66, 66, 1354, 1354, 1354, 66, 66, 1354, 1354, 1354, 1354, 1354, 1354, 1354, 1354, 1354, 1354, 1354, 1354, 1354, 1354, 1354, 1354, 1354, 288, 66, 66, 66, 66, 66, 1354, 526, 1354, 78, 1354, 1354, 1354, 1354, 1354, 1354, 1354, 1354, 710, 845, 66, 66, 66, 66, 145, 145, 66, 74, 66, 1354, 1354, 466, 1354, 1354, 1354, 1354, 1354, 1354, 1354, 1354, 1354, 1354, 1354, 1354, 1354, 1354, 1354, 66, 1354, 1354, 1354, 66, 66, 1354, 1354, 1354, 1354, 1354, 1354, 1354, 66, 66, 146, 66, 1354, 1354, 1354, 1354, 1354, 1354, 1354, 1354, 1354, 1354, 1354, 1354, 1354, 66, 1354, 1354, 1354, 66, 66, 1354, 1354, 1354, 1354, 1354, 1354, 1354, 348, 66, 66, 353, 353, 66, 66, 447, 66, 583, 98, 66, 1354, 1354, 66, 98, 66, 300, 66, 1354, 1354, 66, 1342, 1342, 1342, 66, 130, 1342, 1342, 1342, 1342, 1342, 1342, 1342, 1342, 1342, 1044, 66, 98, 380, 66, 76, 110, 98, 78, 1354, 1354, 1354, 1354, 1354, 1354, 895, 1242, 70, 66, 98, 66, 74, 66, 66, 192, 121, 1354, 850, 106, 66, 66, 117, 135, 66, 66, 66, 98, 278, 66, 130, 158, 655, 66, 652, 66, 97, 97, 66, 326, 66, 1354, 160, 66, 1354, 1354, 1354, 1354, 1354, 1354, 1354, 1354, 1291, 66, 1354, 1354, 66, 66, 1354, 1354, 1354, 66, 66, 66, 1354, 1354, 1354, 1354, 1354, 1354, 1354, 1016, 1089, 1354, 1354, 1354, 1354, 1354, 1354, 1354, 66, 66, 66, 66, 66, 1354, 1354, 1354, 1354, 1354, 1016, 66, 66, 66, 1354, 1354, 66, 66, 1354, 1354, 1354, 1354, 1354, 1354, 1354, 66, 1354, 1354, 1354, 1354, 1354, 1354, 66, 66, 1354, 1354, 1354, 1354, 1354, 1354, 1289, 66, 66, 838, 104, 121, 98, 90, 98, 66, 156, 145, 105, 1289, 433, 105, 90, 66, 66, 78, 66, 66, 66, 78, 105, 78, 106, 66, 74, 66, 66, 104, 66, 1354, 800, 66, 66, 66, 284, 66, 130, 865, 66, 1354, 1354, 1354, 1354, 1354, 1354, 1354, 1354, 1354, 1354, 1354, 1354, 1354, 751, 1354, 1354, 1354, 1354, 1354, 1354, 66, 66, 1354, 1354, 1354, 66, 1354, 1354, 1354, 1354, 1354, 1354, 1354, 66, 1354, 1354, 1354, 1354, 1354, 1354, 1354, 1354, 1354, 1354, 1354, 1354, 1354, 1354, 1354, 1354, 1354, 1354, 951, 66, 66, 98, 66, 823, 66, 93, 66, 471, 97, 97, 66, 98, 66, 66, 653, 90, 66, 66, 66, 90, 66, 98, 383, 66, 54, 1264, 66, 130, 66, 84, 84, 144, 196, 209, 204, 1288, 110, 105, 98, 78, 159, 90, 105, 90, 80, 80, 66, 107, 1354, 1354, 192, 192, 66, 78, 70, 66, 165, 167, 66, 66, 70, 66, 66, 69, 90, 66, 66, 66, 940, 104, 66, 74, 86, 117, 171, 66, 66, 66, 66, 66, 490, 66, 98, 66, 1419, 54, 54, 213, 78, 74, 66, 490, 66, 98, 66, 583, 66, 1354, 1354, 66, 596, 66, 71, 78, 74, 66, 78, 70, 66, 98, 98, 66, 583, 66, 1354, 1354, 1354, 1348, 130, 1354, 1354, 1354, 1348, 189, 189, 127, 127, 79, 66, 66, 66, 66, 66, 66, 578, 66, 1354, 1354, 1076, 66, 66, 399, 97, 66, 97, 95, 194, 66, 477, 835, 95, 66, 194, 66, 419, 112, 82, 81, 139, 66, 1354, 1354, 1354, 1354, 80, 66, 66, 66, 81, 66, 146, 1333, 1354, 82, 82, 435, 156, 156, 66, 78, 167, 369, 66, 87, 139, 66, 369, 128, 263, 252, 66, 66, 339, 1242, 1242, 1242, 1242, 1242, 70, 73, 148, 66, 1244, 854, 70, 121, 66, 106, 66, 78, 472, 100, 70, 70, 74, 66, 74, 583, 1354, 1354, 1354, 1354, 80, 66, 1354, 1354, 1078, 1242, 66, 66, 1354, 1354, 1354, 755, 66, 66, 66, 1242, 1242, 1242, 90, 1331, 97, 437, 66, 97, 66, 80, 90, 78, 1354, 1354, 1354, 1354, 66, 732, 255, 77, 83, 146, 281, 674, 369, 369, 128, 66, 209, 77, 437, 78, 78, 78, 83, 74, 66, 239, 1242, 1241, 97, 666, 1354, 73, 1292, 1292, 122, 1292, 1292, 1292, 1292, 1242, 1354, 1354, 1354, 66, 72, 90, 1354, 66, 1354, 1354, 74, 788, 66, 66, 66, 148, 66, 78, 97, 66, 67, 82, 1292, 1292, 1292, 1292, 1292, 1242, 1242, 90, 1292, 343, 68, 991, 120, 75, 73, 1288, 1292, 352, 124, 140, 1242, 1242, 1242, 1242, 1354, 78, 1210, 168, 67, 67, 71, 73, 243, 104, 66, 583, 84, 66, 1354, 1354, 158, 70, 66, 90, 1354, 1354, 244, 104, 66, 66, 1354, 1354, 66, 1354, 1354, 66, 1242, 81, 66, 1354, 1354, 1354, 694, 66, 78, 1242, 941, 74, 66, 1288, 73, 1292, 116, 501, 1292, 348, 359, 77, 77, 121, 65, 66, 106, 66, 66, 322, 66, 98, 1354, 123, 66, 1354, 1354, 1354, 1348, 78, 81, 78, 66, 66, 74, 66, 583, 78, 66, 78, 441, 66, 66, 1354, 1354, 107, 66, 66, 1354, 74, 66, 1354, 336, 336, 90, 1348, 1354, 597, 1354, 1242, 78, 78, 78, 66, 78, 66, 78, 114, 1354, 1354, 78, 66, 74, 74, 74, 78, 66, 66, 66, 1354, 185, 66, 1242, 66, 78, 66, 66, 66, 1242, 1242, 66, 82, 247, 82, 1354, 702, 66, 202, 213, 363, 66, 583, 78, 84, 161, 86, 1242, 1242, 1242, 1242, 66, 1354, 1354, 1354, 298, 1023, 74, 66, 66, 104, 66, 90, 66, 98, 141, 66, 106, 66, 79, 85, 583, 66, 115, 1354, 1354, 66, 1354, 301, 66, 654, 163, 1354, 1354, 1354, 1354, 80, 114, 130, 78, 583, 1354, 1354, 305, 305, 107, 66, 66, 78, 66, 78, 583, 680, 66, 66, 74, 66, 66, 1354, 1354, 66, 1354, 1354, 66, 66, 80, 1354, 299, 1354, 299, 66, 66, 583, 98, 66, 1342, 1342, 66, 1053, 66, 332, 66, 139, 78, 74, 66, 583, 66, 78, 583, 74, 66, 284, 54, 476, 97, 66, 101, 66, 66, 542, 66, 1342, 1342, 66, 272, 1052, 66, 583, 66, 141, 66, 66, 66, 66, 1354, 1354, 66, 146, 78, 97, 66, 1354, 548, 66, 78, 1354, 1354, 1354, 298, 1023, 66, 66, 1354, 1354, 1354, 298, 1024, 1354, 336, 66, 66, 66, 78, 1242, 74, 66, 66, 369, 369, 66, 583, 1354, 271, 66, 66, 141, 1354, 1354, 1077, 66, 66, 453, 66, 117, 66, 1024, 78, 66, 117, 66, 1354, 1354, 1354, 1348, 66, 66, 66, 164, 66, 114, 146, 369, 369, 128, 66, 66, 306, 66, 234, 609, 66, 1354, 66, 1354, 114, 66, 66, 1354, 66, 296, 66, 1354, 114, 66, 1354, 66, 1354, 1354, 66, 1354, 106, 66, 1354, 1354, 66, 756, 66, 167, 501, 1327, 97, 653, 121, 213, 692, 243, 1354, 501, 167, 298, 78, 1354, 81, 81, 471, 97, 1288, 1292, 1292, 1292, 1292, 1292, 1292, 1292, 1292, 1292, 1292, 1292, 1292, 1292, 1292, 1292, 1292, 1292, 1292, 1292, 1292, 1292, 1292, 1292, 1292, 1292, 1292, 1292, 1292, 1292, 1292, 1292, 326, 1292, 1292, 1292, 1292, 1292, 1292, 501, 1354, 78, 1354, 130, 1292, 162, 162, 70, 70, 1262, 66, 66, 66, 106, 78, 97, 106, 66, 66, 66, 97, 78, 78, 143, 74, 70, 69, 65, 214, 65, 65, 66, 203, 65, 65, 65, 65, 66, 1354, 1354, 1354, 1354, 1044, 66, 66, 66, 66, 66, 1292, 1292, 1292, 1292, 1292, 66, 65, 65, 65, 65, 65, 65, 65, 65, 65, 66, 66, 68, 66, 78, 1292, 1292, 78, 78, 66, 66, 106, 66, 1292, 1292, 73, 68, 68, 68, 1292, 1292, 68, 1292, 1292, 1292, 1292, 68, 66, 1292, 1292, 1292, 1292, 1292, 1292, 66, 66, 1292, 1292, 72, 1292, 1292, 1292, 1292, 1292, 1292, 1292, 1292, 1292, 1292, 66, 66, 66, 1292, 1292, 66, 71, 1292, 1292, 1292, 1292, 1292, 1292, 1292, 1292, 66, 1292, 1292, 1292, 1292, 1292, 1292, 1292, 1292, 66, 66, 66, 1292, 1292, 66, 1292, 1292, 1292, 1292, 1292, 1292, 66, 1292, 1292, 1292, 1292, 1292, 1292, 1292, 1292, 1292, 1292, 1292, 1292, 67, 1292, 1292, 1292, 1292, 1292, 1292, 1292, 1292, 1292, 1292, 583, 66, 66, 1292, 1292, 1292, 1292, 1292, 1292, 1292, 1292, 1292, 1292, 1292, 1292, 1292, 1292, 1292, 1292, 1292, 1292, 1292, 1292, 66, 1292, 1292, 1292, 1292, 383, 66, 66, 1292, 1292, 1292, 1292, 1292, 1292, 1292, 1292, 1292, 1292, 1292, 1292, 1292, 1292, 67, 105, 1292, 1292, 1292, 1292, 1292, 1292, 66, 1292, 1292, 1292, 1292, 1292, 1292, 1292, 1292, 1292, 1292, 1292, 66, 67, 1354, 67, 66, 1292, 1292, 1292, 1292, 1292, 1292, 1292, 1292, 67, 72, 1292, 1292, 1292, 1292, 1292, 1292, 1292, 1292, 92, 1292, 1292, 1292, 1292, 1292, 1292, 1292, 1292, 1292, 1292, 159, 67, 68, 73, 1292, 1292, 1292, 1292, 1292, 1292, 1292, 1292, 1292, 1292, 1292, 1292, 1292, 1292, 1292, 1292, 1292, 66, 1354, 1354, 1354, 1354, 1354, 1354, 1354, 1354, 66, 159, 1354, 1354, 1354, 1354, 1016, 67, 1089, 1354, 1354, 66, 66, 1292, 1292, 67, 67, 67, 66, 168, 66, 67, 1292, 1292, 1292, 1292, 1292, 1292, 1292, 1292, 1292, 1292, 1292, 1292, 1292, 1292, 1292, 1292, 1292, 1292, 1292, 1292, 1292, 1292, 1292, 1292, 1292, 1292, 1292, 1292, 1292, 1292, 1292, 1292, 1292, 1292, 1292, 1292, 1292, 1292, 1292, 1292, 67, 1354, 1354, 82, 66, 1292, 1292, 159, 1292, 1292, 1292, 1292, 1292, 1292, 1292, 1292, 1292, 1292, 1292, 1292, 67, 1292, 1292, 67, 68, 67, 1292, 1292, 1292, 1292, 1292, 1292, 1292, 1292, 1292, 1292, 1292, 1292, 67, 117, 67, 66, 1292, 1292, 1292, 1292, 1292, 1292, 1292, 1292, 1292, 1292, 1292, 1292, 67, 1292, 1292, 1292, 1292, 1292, 618, 1285, 1292, 1292, 1292, 1292, 1292, 1292, 1292, 1292, 1292, 159, 1292, 1292, 1292, 1292, 1292, 1292, 1292, 1292, 1292, 1292, 1292, 1292, 1292, 1354, 1354, 1354, 1354, 1354, 1354, 1354, 1354, 1354, 1354, 1354, 1354, 1016, 1354, 1354, 1354, 1354, 1354, 1354, 1354, 1354, 1354, 66, 66, 1354, 1354, 1354, 66, 1016, 1354, 1354, 1354, 1354, 1354, 1354, 67, 67, 66, 1292, 1292, 1292, 1292, 1292, 1292, 1292, 1292, 1292, 1292, 1292, 1292, 1292, 67, 68, 1292, 1292, 811, 72, 1354, 1354, 1354, 339, 67, 67, 68, 66, 67, 68, 188, 66, 115, 66, 1354, 413, 152, 66, 66, 1354, 1354, 1354, 1354, 1354, 1327, 117, 66, 66, 66, 117, 66, 78, 75, 1354, 1354, 1354, 1348, 66, 66, 117, 66, 1207, 54, 54, 66, 1121, 1354, 66, 1354, 66, 363, 66, 114, 1354, 1354, 66, 1354, 1354, 66, 66, 1354, 1354, 66, 1354, 1354, 66, 1354, 1354, 66, 134, 1354, 1354, 66, 79, 1354, 1354, 1354, 1354, 1354, 1354, 1233, 74, 332, 66, 66, 66, 1354, 1354, 67, 66, 1354, 1354, 113, 66, 1354, 90, 66, 583, 66, 1354, 1354, 66, 1354, 1354, 66, 483, 98, 98, 78, 1354, 1354, 1354, 1348, 98, 1354, 1354, 1354, 729, 130, 66, 66, 66, 66, 66, 66, 66, 66, 66, 66, 66, 66, 66, 66, 66, 66, 66, 496, 113, 583, 483, 1354, 130, 100, 83, 484, 78, 78, 80, 1207, 583, 560, 80, 78, 78, 78, 1354, 167, 87, 583, 548, 66, 66, 66, 66, 66, 66, 66, 66, 66, 78, 66, 66, 113, 69, 66, 66, 1354, 255, 609, 593, 255, 982, 66, 593, 1354, 1354, 1354, 298, 1354, 939, 939, 1354, 982, 66, 78, 66, 78, 66, 78, 78, 66, 78, 1354, 1354, 1354, 1354, 1354, 1354, 1354, 1354, 1136, 66, 78, 78, 78, 1252, 1354, 1252, 1354, 66, 66, 78, 78, 78, 66, 66, 1354, 1354, 1348, 66, 66, 1252, 1354, 148, 191, 66, 212, 78, 66, 249, 74, 74, 66, 78, 66, 74, 78, 66, 78, 66, 78, 74, 78, 78, 74, 66, 74, 66, 66, 66, 85, 74, 78, 66, 78, 78, 78, 66, 66, 78, 66, 66, 66, 66, 66, 66, 66, 66, 66, 66, 66, 66, 78, 66, 66, 66, 106, 1342, 1342, 66, 66, 66, 66, 66, 66, 66, 66, 66, 66, 66, 78, 90, 54, 78, 66, 54, 1354, 1354, 1354, 1354, 66, 1354, 1354, 1052, 66, 66, 66, 66, 583, 173, 1354, 1354, 66, 368, 141, 1354, 1354, 1354, 1354, 1354, 1354, 1354, 1354, 66, 66, 66, 66, 66, 1354, 1354, 1076, 66, 1354, 114, 1354, 1354, 90, 66, 1354, 1354, 1354, 1354, 1354, 1354, 70, 66, 54, 54, 66, 66, 66, 540, 66, 54, 54, 66, 1354, 1354, 66, 1354, 1354, 1354, 583, 66, 66, 66, 1354, 66, 1354, 1354, 66, 66, 1354, 1354, 66, 1354, 66, 583, 1354, 1354, 66, 66, 66, 1354, 1354, 66, 66, 1354, 78, 74, 66, 1354, 1354, 1354, 1077, 1354, 1354, 1354, 1354, 1354, 66, 363, 66, 66, 66, 66, 66, 66, 583, 1354, 1354, 66, 66, 1354, 1354, 1354, 1354, 1354, 66, 66, 66, 66, 1354, 66, 1354, 66, 1354, 66, 1354, 66, 97, 1354, 1354, 1354, 1354, 694, 203, 1354, 1354, 1354, 1354, 1354, 1354, 66, 66, 66, 78, 66, 66, 66, 1354, 1354, 1354, 1354, 1354, 1354, 129, 1354, 1354, 78, 1354, 97, 1354, 1354, 1354, 1342, 1342, 66, 66, 66, 66, 66, 1354, 74, 66, 66, 1354, 1354, 1354, 1354, 1354, 66, 66, 66, 1354, 1354, 66, 198, 66, 1354, 66, 1354, 1354, 66, 66, 1051, 1354, 66, 66, 1354, 1354, 1354, 66, 66, 1354, 66, 66, 66, 1354, 66, 74, 1354, 1354, 1354, 66, 66, 1354, 66, 203, 66, 1354, 66, 1354, 66, 1354, 1354, 1354, 1354, 66, 66, 66, 1354, 66, 1354, 66, 1354, 66, 1354, 1354, 1354, 1354, 1354, 1354, 1354, 1354, 66, 66, 66, 66, 1354, 1354, 1354, 66, 66, 66, 1354, 66, 1354, 66, 198, 66, 1354, 66, 1354, 1354, 1354, 66, 66, 66, 1354, 66, 196, 66, 1354, 66, 1354, 1354, 66, 1354, 1354, 78, 66, 66, 1292, 374, 138, 1354, 1354, 1354, 231, 1354, 1354, 1354, 1354, 1354, 66, 66, 66, 66, 1354, 1354, 1354, 73, 66, 66, 66, 77, 1292, 347, 138, 73, 293, 1354, 1354, 66, 77, 66, 1354, 1354, 1354, 66, 66, 66, 1354, 1354, 1354, 66, 66, 1354, 1354, 66, 66, 210, 66, 1354, 1354, 1354, 1354, 122, 66, 66, 66, 66, 1354, 1354, 1354, 65, 1354, 1354, 66, 78, 66, 66, 1354, 1354, 66, 1354, 66, 1354, 1354, 1354, 66, 66, 66, 192, 66, 959, 1354, 66, 583, 66, 1354, 1354, 66, 66, 1354, 1354, 66, 66, 1354, 74, 66, 66, 1354, 1354, 66, 66, 216, 66, 1354, 1354, 1354, 1354, 66, 66, 66, 1354, 66, 1354, 1354, 66, 66, 66, 1354, 1354, 1354, 66, 66, 66, 1354, 1354, 66, 66, 1354, 66, 1354, 1354, 222, 66, 66, 66, 1354, 66, 66, 66, 66, 1354, 1354, 1354, 66, 66, 66, 1354, 1354, 1354, 66, 66, 66, 221, 66, 377, 1354, 1354, 1354, 66, 66, 66, 1354, 1354, 1354, 1354, 1354, 66, 66, 66, 1354, 211, 66, 66, 694, 78, 1354, 1354, 1354, 1354, 1354, 1354, 1354, 1354, 1354, 1354, 1354, 1354, 66, 66, 66, 66, 66, 1354, 1354, 1354, 66, 66, 66, 583, 207, 1354, 1354, 1354, 66, 66, 66, 66, 1354, 1354, 1354, 66, 66, 66, 1354, 1354, 1354, 66, 66, 66, 1354, 1354, 1354, 193, 66, 66, 66, 66, 66, 1354, 66, 69, 1354, 1354, 1354, 66, 1354, 1354, 1354, 1354, 1354, 1354, 66, 66, 66, 1354, 1354, 1354, 66, 66, 66, 66, 85, 1354, 1354, 1354, 1354, 1354, 1354, 203, 66, 66, 66, 66, 1354, 66, 1354, 1354, 1354, 1354, 1354, 1354, 1354, 1354, 190, 66, 66, 66, 66, 1354, 1354, 1354, 695, 1354, 1354, 1354, 1354, 1354, 1354, 66, 66, 66, 66, 1354, 1354, 1354, 1354, 192, 1354, 1354, 1354, 1354, 1354, 1354, 1354, 1354, 66, 66, 66, 66, 1354, 1354, 1354, 1354, 1354, 1354, 66, 66, 66, 66, 66, 109, 146, 66, 1354, 1354, 1354, 1348, 103, 66, 73, 66, 146, 1288, 1292, 1292, 1292, 1292, 1292, 1292, 1292, 1292, 1292, 1292, 1292, 1292, 1292, 1292, 1292, 1292, 1292, 1292, 1292, 1292, 1292, 66, 1288, 1292, 1292, 1292, 683, 1288, 1292, 1292, 1292, 512, 586, 82, 85, 583, 130, 66, 1354, 1354, 1354, 416, 267, 83, 82, 362, 82, 114, 292, 322, 66, 66, 84, 84, 86, 78, 66, 66, 85, 86, 85, 85, 79, 79, 83, 78, 78, 74, 1354, 109, 1354, 80, 362, 103, 146, 114, 80, 1288, 66, 583, 66, 75, 1354, 1354, 1354, 1354, 1354, 1354, 66, 66, 66, 1354, 1354, 1354, 1354, 1354, 1354, 1354, 74, 1354, 74, 1354, 1354, 1354, 1354, 1354, 1354, 805, 1354, 74, 74, 582, 805, 590, 107, 1354, 1354, 1354, 106, 590, 69, 66, 78, 78, 66, 78, 78, 66, 78, 78, 70, 66, 78, 78, 66, 85, 85, 66, 209, 66, 66, 66, 369, 369, 128, 70, 212, 201, 209, 233, 95, 247, 204, 143, 165, 202, 68, 68, 68, 334, 78, 211, 680, 66, 129, 66, 66, 66, 66, 1346, 66, 1354, 78, 1354, 106, 138, 222, 66, 135, 1346, 68, 69, 65, 167, 78, 74, 78, 73, 97, 1354, 1354, 70, 1354, 1354, 72, 69, 65, 65, 74, 67, 1354, 1354, 66, 66, 66, 66, 66, 66, 66, 66, 65, 1354, 1354, 1078, 1354, 1354, 1354, 1354, 66, 1354, 1354, 66, 1354, 1354, 66, 66, 66, 66, 66, 66, 73, 97, 66, 1354, 1354, 1354, 74, 1346, 1354, 1354, 1354, 1354, 1354, 74, 1354, 74, 78, 66, 66, 66, 54, 54, 54, 1354, 74, 1346, 78, 78, 1354, 74, 78, 1346, 1346, 1346, 66, 66, 66, 75, 1354, 74, 1354, 1354, 1354, 74, 1354, 74, 1346, 1346, 66, 66, 66, 1346, 1354, 1354, 1354, 1354, 1354, 1354, 1354, 1354, 1354, 74, 54, 66, 66, 66, 1346, 1354, 1354, 1354, 1354, 78, 1354, 1354, 1354, 1354, 1354, 1354, 66, 66, 66, 54, 1354, 1354, 1354, 74, 1354, 1354, 66, 66, 1354, 1354, 1346, 1354, 1354, 1354, 1354, 1354, 74, 1354, 1354, 1354, 1354, 1346, 66, 66, 66, 213, 1354, 1354, 1354, 1354, 1354, 1354, 1354, 74, 1354, 1354, 66, 66, 66, 583, 1354, 1354, 66, 1346, 1354, 1354, 1354, 1354, 1354, 1354, 1354, 1354, 1354, 1354, 1354, 1354, 1354, 66, 66, 66, 1292, 83, 1354, 122, 1354, 1354, 1354, 1354, 225, 1354, 1298, 1354, 1354, 1354, 978, 66, 66, 66, 66, 66, 1354, 105, 66, 66, 83, 1354, 1354, 1354, 1354, 1077, 1354, 1354, 1354, 1354, 1354, 66, 66, 66, 66, 1354, 1354, 122, 66, 66, 1354, 1354, 1354, 1354, 1354, 1354, 1354, 1354, 1298, 1354, 1354, 1354, 1354, 1354, 1354, 281, 1354, 1354, 1354, 66, 66, 66, 239, 1354, 66, 1354, 1354, 1354, 1354, 1354, 1354, 1354, 1354, 178, 1354, 1354, 1354, 1354, 1242, 1354, 1354, 1354, 1354, 1354, 66, 66, 66, 78, 97, 66, 1354, 1354, 1354, 1354, 1354, 1354, 1354, 1354, 114, 1354, 114, 1354, 1354, 1354, 114, 1354, 1306, 1354, 1306, 1306, 1354, 1354, 1354, 1354, 1354, 1354, 1354, 1354, 1354, 1354, 114, 1354, 1354, 1354, 66, 66, 66, 94, 1354, 1306, 1354, 1354, 1354, 1354, 1354, 1354, 1354, 1354, 1354, 1354, 1354, 1354, 1354, 1354, 1354, 66, 66, 66, 83, 1354, 1354, 1354, 1354, 1354, 1354, 1354, 1354, 1354, 1354, 1354, 1354, 66, 66, 66, 66, 1354, 1354, 66, 83, 1354, 1354, 1354, 1354, 1354, 1354, 1354, 1354, 1354, 154, 1354, 1354, 253, 66, 66, 66, 74, 98, 86, 1354, 1354, 1354, 1354, 1354, 106, 1354, 1354, 1354, 106, 1266, 1314, 66, 1354, 106, 1354, 106, 1314, 1354, 1354, 66, 66, 66, 1354, 1354, 1314, 66, 66, 66, 78, 66, 1354, 106, 1354, 106, 66, 1354, 1354, 264, 90, 1354, 1354, 1314, 1314, 337, 1354, 1354, 337, 1354, 1354, 150, 1314, 102, 1354, 106, 1354, 1354, 66, 66, 66, 66, 1354, 1354, 1314, 1354, 1354, 1354, 1354, 1354, 1354, 1354, 1354, 1354, 1354, 1354, 1354, 66, 66, 66, 1354, 138, 66, 1282, 1354, 1018, 66, 66, 1354, 1354, 66, 1354, 1002, 66, 85, 85, 84, 92, 266, 238, 76, 236, 1284, 66, 337, 131, 66, 76, 75, 75, 107, 148, 131, 382, 1241, 97, 66, 105, 66, 1292, 105, 1292, 67, 66, 91, 97, 146, 369, 369, 128, 66, 86, 87, 161, 171, 66, 87, 71, 66, 78, 1354, 1354, 1354, 1348, 105, 90, 66, 1354, 83, 97, 696, 1354, 1354, 1354, 1348, 97, 84, 200, 733, 97, 84, 131, 97, 78, 101, 1292, 296, 78, 898, 76, 76, 1133, 1288, 1292, 1292, 1292, 1292, 175, 986, 1288, 1292, 1292, 1292, 1292, 122, 1133, 1288, 1026, 66, 66, 1292, 1242, 1242, 66, 66, 66, 70, 70, 77, 73, 73, 77, 73, 73, 73, 75, 77, 79, 172, 66, 66, 66, 66, 66, 67, 66, 66, 66, 66, 177, 158, 161, 196, 66, 216, 66, 66, 66, 97, 66, 78, 132, 183, 66, 66, 69, 65, 73, 74, 66, 74, 66, 1354, 573, 1354, 541, 78, 66, 1354, 1354, 1354, 1354, 1354, 1354, 1311, 66, 66, 66, 66, 130, 276, 1354, 1354, 1354, 1354, 1354, 1310, 78, 66, 74, 66, 66, 130, 74, 276, 66, 66, 603, 66, 74, 66, 879, 1288, 821, 66, 603, 66, 70, 155, 100, 66, 66, 66, 66, 66, 155, 100, 66, 215, 77, 264, 89, 89, 105, 149, 1292, 1292, 78, 860, 66, 1242, 1292, 583, 89, 89, 283, 583, 1292, 71, 1242, 1354, 130, 97, 557, 97, 78, 78, 213, 82, 82, 583, 78, 78, 105, 1292, 90, 66, 101, 66, 66, 111, 66, 75, 75, 82, 66, 1419, 82, 71, 255, 389, 97, 78, 1242, 1242, 66, 1292, 217, 125, 76, 217, 1354, 1354, 1354, 1354, 1354, 1166, 97, 66, 97, 246, 66, 78, 66, 105, 66, 1292, 66, 77, 73, 106, 418, 145, 205, 149, 1354, 1354, 216, 148, 205, 1354, 1354, 1354, 1354, 66, 66, 66, 66, 74, 66, 66, 66, 66, 66, 94, 634, 66, 107, 74, 97, 67, 1354, 394, 402, 66, 66, 1242, 66, 1354, 1354, 1242, 1354, 1354, 74, 74, 1242, 66, 1354, 1354, 78, 1354, 1354, 1242, 66, 66, 66, 66, 66, 66, 66, 66, 666, 1354, 1354, 1354, 1354, 1354, 1354, 1354, 1354, 1354, 1354, 1354, 66, 851, 66, 66, 66, 602, 1354, 1354, 1354, 1354, 1354, 1354, 1354, 1354, 1354, 1354, 1050, 1354, 1050, 67, 66, 66, 66, 74, 66, 1354, 1354, 1354, 1354, 1354, 1354, 1354, 370, 1354, 1354, 1354, 1354, 1354, 370, 1354, 1354, 1354, 66, 66, 66, 66, 66, 1354, 66, 1354, 1354, 1354, 1354, 1242, 1242, 66, 1354, 1354, 1354, 1354, 66, 1354, 98, 66, 1354, 1354, 66, 300, 1354, 1354, 1354, 1354, 1354, 66, 66, 66, 66, 66, 1354, 107, 1354, 66, 66, 66, 66, 66, 130, 130, 158, 158, 533, 533, 1354, 1354, 1354, 1354, 1354, 1354, 1354, 1354, 107, 1354, 1354, 1354, 66, 1050, 1180, 1354, 66, 66, 66, 66, 66, 66, 66, 66, 130, 66, 130, 1354, 1354, 338, 1354, 1354, 1354, 1354, 1354, 1354, 1354, 1354, 1354, 1354, 1354, 1354, 1354, 82, 1354, 66, 66, 66, 1354, 1354, 384, 1354, 1354, 1354, 1354, 1354, 1354, 1354, 1354, 66, 66, 66, 66, 66, 245, 128, 1354, 1354, 1354, 1354, 1354, 1354, 1338, 66, 66, 131, 66, 66, 66, 66, 66, 66, 97, 97, 1354, 1354, 66, 1354, 1354, 543, 66, 1354, 82, 245, 1354, 1354, 66, 97, 128, 1354, 1338, 1354, 272, 66, 66, 66, 66, 66, 66, 1354, 1354, 1354, 1354, 710, 1354, 1354, 1354, 1354, 1354, 66, 66, 66, 66, 1354, 1354, 1354, 66, 66, 1354, 1354, 66, 66, 1354, 90, 1354, 66, 78, 66, 1354, 1354, 1354, 1354, 66, 1354, 1354, 1354, 1354, 1354, 1330, 1354, 1354, 1354, 1354, 66, 66, 66, 74, 1354, 1354, 1354, 1354, 1354, 1354, 1354, 1354, 133, 1354, 1354, 1354, 1354, 1354, 1354, 1354, 1354, 1354, 1354, 1354, 1354, 1354, 1348, 66, 66, 66, 66, 1354, 1354, 1354, 66, 66, 1354, 74, 1354, 1354, 1354, 72, 66, 66, 66, 66, 66, 66, 110, 1354, 90, 1354, 1354, 1354, 1354, 1354, 1354, 1354, 66, 66, 66, 66, 1354, 1354, 1354, 66, 66, 1354, 1354, 279, 1354, 1354, 1330, 1354, 1354, 1354, 1354, 1354, 1354, 1354, 66, 66, 1354, 1354, 66, 66, 66, 66, 79, 1354, 1354, 1354, 1354, 1354, 1354, 1354, 1354, 66, 66, 66, 1354, 1354, 1354, 1354, 1354, 1354, 1354, 1354, 1354, 1354, 1354, 1354, 1354, 1354, 66, 66, 66, 1354, 549, 78, 1354, 1354, 1354, 1354, 1354, 1354, 1354, 1354, 1354, 66, 66, 66, 1354, 1354, 1354, 66, 1354, 1354, 66, 66, 1354, 1354, 1354, 1354, 1354, 1354, 1354, 298, 1354, 1354, 1354, 1354, 1354, 78, 66, 66, 66, 1354, 1354, 1354, 1354, 1354, 1024, 1354, 1354, 1354, 1354, 1354, 1354, 1354, 1354, 1354, 66, 66, 66, 66, 66, 1354, 1354, 1354, 1354, 1354, 1354, 1354, 1354, 66, 66, 66, 1354, 1354, 1354, 1354, 74, 1354, 1354, 1354, 271, 1354, 1354, 1354, 1354, 66, 66, 1354, 1354, 1354, 674, 66, 66, 66, 66, 66, 1354, 1354, 1354, 1354, 1354, 1354, 1354, 1354, 66, 66, 66, 1354, 806, 1354, 1354, 1354, 1354, 1354, 1354, 1354, 1354, 66, 66, 66, 84, 1354, 1354, 66, 1354, 1354, 66, 78, 1354, 1354, 66, 87, 1354, 1354, 66, 1354, 1354, 1354, 66, 66, 1354, 1354, 1354, 659, 1354, 1354, 1354, 1354, 169, 66, 1354, 1354, 66, 78, 66, 66, 1354, 153, 66, 140, 158, 1354, 1344, 182, 66, 66, 107, 66, 1054, 66, 97, 66, 67, 97, 66, 130, 66, 1354, 1354, 1354, 150, 1348, 66, 723, 66, 578, 66, 66, 66, 66, 1354, 597, 66, 66, 167, 127, 1016, 66, 66, 66, 66, 66, 528, 66, 66, 91, 66, 86, 89, 213, 159, 70, 111, 66, 66, 66, 86, 78, 153, 54, 117, 66, 74, 66, 583, 554, 78, 100, 83, 97, 79, 79, 93, 93, 84, 84, 86, 1331, 204, 76, 355, 1354, 1354, 1354, 1348, 141, 1242, 84, 92, 583, 66, 73, 84, 66, 1288, 459, 84, 75, 69, 69, 82, 66, 1354, 1354, 66, 1354, 298, 1354, 939, 1354, 100, 380, 97, 105, 105, 939, 66, 706, 642, 1242, 107, 1354, 1354, 1354, 557, 97, 97, 1354, 706, 642, 78, 66, 148, 191, 78, 66, 66, 78, 66, 66, 78, 78, 70, 70, 66, 164, 196, 1354, 66, 129, 169, 109, 95, 236, 209, 131, 337, 169, 66, 106, 66, 212, 204, 209, 85, 135, 85, 1242, 66, 74, 69, 66, 78, 105, 54, 54, 66, 1242, 1242, 66, 117, 74, 117, 66, 78, 66, 66, 106, 78, 78, 83, 163, 138, 334, 66, 233, 74, 78, 74, 86, 81, 77, 75, 102, 94, 109, 90, 209, 219, 170, 114, 66, 66, 106, 66, 236, 522, 146, 66, 66, 1354, 1354, 1354, 1348, 66, 66, 174, 66, 130, 305, 66, 234, 66, 1354, 1354, 1354, 380, 66, 337, 337, 128, 296, 66, 66, 294, 66, 97, 78, 1354, 1354, 1354, 1348, 66, 66, 66, 66, 110, 66, 66, 1339, 66, 66, 66, 97, 1242, 98, 98, 66, 1242, 86, 1242, 496, 78, 78, 66, 1242, 583, 66, 66, 146, 78, 1354, 1354, 1354, 66, 1354, 1354, 1354, 1354, 1354, 1354, 66, 1354, 1354, 1255, 1354, 1354, 727, 97, 1255, 66, 66, 97, 66, 78, 66, 78, 66, 66, 1354, 66, 1354, 189, 1354, 1354, 1354, 1354, 1354, 1354, 66, 1354, 778, 714, 1354, 746, 189, 171, 1354, 1354, 1354, 131, 1354, 1354, 1354, 66, 66, 66, 66, 66, 66, 66, 1354, 1354, 1354, 369, 369, 1354, 1354, 1354, 1242, 1145, 1242, 1354, 66, 66, 66, 66, 66, 1354, 1354, 1354, 1354, 1354, 1354, 1354, 1242, 1242, 1242, 66, 66, 66, 1354, 1354, 1354, 1354, 1354, 1354, 66, 66, 1354, 1354, 1354, 1354, 1354, 1354, 1354, 1354, 1354, 1354, 1354, 754, 1354, 1354, 1354, 1354, 1354, 1354, 1354, 1354, 1354, 66, 66, 66, 66, 1354, 666, 1354, 1354, 1342, 1342, 74, 1354, 1354, 1354, 1354, 66, 66, 66, 66, 74, 1354, 1354, 1354, 1354, 1354, 1354, 1354, 1354, 66, 66, 66, 1242, 1242, 1354, 66, 66, 66, 1354, 1242, 1242, 1242, 1242, 1354, 106, 1354, 1354, 106, 1314, 1354, 1354, 1314, 1354, 106, 66, 66, 66, 66, 1354, 1354, 1354, 66, 66, 1354, 1354, 1354, 1354, 1354, 1354, 1354, 1354, 1354, 1354, 1354, 1354, 1354, 66, 66, 66, 66, 1354, 1354, 1354, 1354, 1354, 1354, 1354, 1354, 794, 1354, 66, 66, 66, 1354, 1052, 1354, 1354, 1354, 1354, 1314, 1354, 666, 1354, 1354, 1354, 1354, 1354, 1354, 1354, 66, 66, 66, 66, 1354, 1354, 106, 1314, 1354, 1354, 1354, 1354, 1354, 1354, 1354, 1354, 1354, 1354, 1354, 66, 66, 66, 1354, 1354, 1354, 1354, 1354, 1354, 1314, 1354, 1354, 66, 66, 66, 66, 1354, 1354, 1354, 1354, 1354, 1354, 1354, 1354, 1354, 138, 1354, 66, 66, 66, 1354, 1354, 1354, 66, 66, 1354, 826, 1354, 1354, 1354, 1354, 1354, 560, 1354, 1354, 1282, 1354, 1354, 66, 66, 66, 1354, 1354, 1354, 1354, 1354, 138, 1354, 1354, 1354, 1354, 1354, 291, 1354, 1354, 1282, 1354, 1354, 66, 66, 66, 66, 1354, 1354, 66, 1354, 1354, 66, 1354, 1170, 66, 1354, 66, 66, 692, 66, 74, 1170, 66, 66, 78, 66, 78, 213, 78, 1354, 541, 74, 66, 78, 66, 1354, 1354, 1354, 66, 1354, 1354, 1354, 1310, 66, 66, 1354, 477, 1242, 130, 81, 583, 276, 105, 78, 1242, 66, 1354, 1354, 1078, 66, 1242, 66, 66, 66, 1213, 1354, 1354, 1354, 1354, 1354, 1311, 66, 66, 603, 66, 66, 66, 130, 276, 90, 78, 66, 603, 66, 155, 100, 66, 66, 66, 66, 155, 74, 100, 66, 66, 818, 78, 78, 97, 83, 1242, 81, 83, 146, 66, 1354, 1354, 588, 74, 74, 66, 66, 66, 66, 66, 369, 66, 369, 128, 1242, 947, 906, 66, 130, 1354, 291, 66, 808, 78, 78, 74, 66, 66, 66, 278, 66, 780, 66, 130, 158, 892, 182, 181, 187, 183, 283, 258, 258, 411, 752, 66, 278, 66, 130, 158, 1008, 316, 315, 316, 323, 1354, 805, 1169, 1052, 1171, 765, 81, 66, 78, 74, 66, 66, 66, 593, 66, 97, 66, 66, 66, 593, 66, 66, 97, 583, 74, 66, 66, 583, 66, 1354, 1354, 1354, 695, 66, 1354, 1354, 66, 202, 66, 213, 1354, 1354, 114, 66, 95, 95, 668, 194, 194, 1354, 185, 66, 115, 1138, 696, 322, 647, 1282, 722, 66, 66, 66, 66, 654, 163, 502, 1354, 285, 373, 390, 186, 483, 312, 1169, 66, 66, 343, 66, 66, 327, 66, 1279, 66, 312, 1169, 312, 1169, 66, 328, 315, 767, 889, 318, 998, 583, 66, 66, 1354, 1354, 1354, 1348, 78, 1233, 97, 1250, 460, 97, 1354, 74, 76, 1294, 92, 474, 76, 115, 66, 1168, 1354, 120, 66, 298, 66, 1354, 1354, 1354, 66, 78, 66, 1023, 977, 711, 66, 66, 110, 1354, 319, 66, 66, 1354, 112, 1354, 1023, 100, 66, 78, 70, 66, 66, 66, 66, 97, 78, 74, 66, 66, 655, 163, 68, 503, 68, 324, 767, 863, 812, 862, 583, 326, 1105, 1354, 66, 66, 1354, 1354, 1076, 66, 66, 130, 680, 78, 66, 1354, 66, 1354, 1354, 1354, 1354, 1354, 1354, 1354, 1354, 585, 66, 66, 66, 66, 66, 66, 66, 66, 66, 66, 1354, 169, 66, 1354, 1354, 1172, 66, 106, 66, 396, 63, 78, 54, 66, 105, 155, 66, 66, 1124, 189, 66, 66, 98, 402, 66, 343, 66, 146, 369, 369, 128, 66, 342, 326, 324, 876, 1354, 144, 770, 316, 958, 320, 324, 860, 792, 78, 98, 66, 66, 66, 66, 66, 744, 97, 66, 90, 73, 66, 90, 66, 66, 66, 72, 792, 54, 66, 338, 554, 327, 69, 997, 330, 66, 80, 1338, 97, 450, 97, 66, 66, 332, 66, 1354, 520, 66, 78, 159, 693, 320, 318, 872, 1217, 323, 1354, 696, 361, 183, 258, 283, 470, 583, 97, 66, 66, 290, 66, 66, 66, 66, 672, 97, 66, 66, 315, 1052, 183, 411, 181, 183, 258, 777, 314, 889, 66, 66, 108, 70, 117, 66, 146, 1333, 445, 78, 66, 66, 66, 66, 66, 66, 831, 1105, 66, 256, 1354, 1354, 448, 158, 66, 66, 66, 66, 66, 319, 66, 184, 184, 509, 265, 74, 264, 66, 66, 160, 66, 1354, 877, 66, 78, 316, 998, 506, 326, 765, 767, 1216, 66, 160, 66, 78, 583, 66, 369, 369, 66, 66, 158, 66, 90, 1354, 1354, 1077, 66, 66, 66, 90, 90, 66, 66, 66, 230, 66, 276, 66, 639, 66, 66, 66, 321, 66, 66, 90, 90, 66, 158, 376, 471, 324, 66, 66, 66, 66, 66, 66, 66, 66, 66, 327, 66, 105, 54, 82, 82, 90, 105, 90, 146, 66, 326, 430, 54, 66, 1354, 1354, 1354, 1354, 66, 852, 767, 804, 1171, 317, 325, 1169, 1169, 312, 1169, 312, 1169, 324, 863, 323, 862, 83, 83, 1354, 1242, 411, 94, 94, 290, 510, 105, 90, 90, 66, 90, 66, 66, 1354, 1354, 215, 74, 66, 74, 66, 66, 651, 321, 447, 215, 447, 1354, 681, 583, 97, 85, 90, 66, 66, 66, 66, 66, 66, 202, 369, 369, 66, 66, 247, 66, 137, 66, 281, 1354, 1354, 1354, 1354, 1354, 1354, 90, 66, 78, 106, 1354, 1354, 1354, 1354, 156, 241, 54, 54, 54, 66, 66, 66, 66, 54, 66, 54, 239, 66, 66, 214, 1242, 1242, 1242, 1354, 327, 66, 78, 66, 66, 66, 66, 66, 66, 66, 66, 66, 66, 66, 66, 66, 66, 66, 66, 66, 78, 54, 90, 54, 211, 815, 78, 66, 66, 1242, 81, 1242, 1242, 1242, 944, 78, 81, 159, 290, 66, 66, 1071, 66, 66, 66, 66, 66, 66, 1354, 1354, 66, 1287, 78, 115, 78, 655, 163, 85, 97, 222, 398, 66, 117, 66, 223, 66, 1354, 1354, 214, 66, 1354, 74, 109, 96, 66, 771, 76, 72, 1294, 1006, 66, 74, 194, 78, 68, 1032, 87, 1126, 66, 1072, 66, 66, 75, 159, 424, 78, 74, 66, 645, 66, 76, 68, 167, 583, 113, 66, 1354, 1354, 1077, 66, 66, 207, 1354, 684, 66, 74, 134, 213, 117, 66, 384, 66, 80, 146, 69, 369, 369, 128, 66, 87, 172, 78, 67, 74, 66, 583, 66, 1354, 1354, 1078, 66, 66, 1354, 112, 97, 608, 97, 66, 97, 66, 66, 84, 161, 78, 146, 369, 369, 128, 66, 74, 66, 583, 1342, 1342, 66, 510, 1051, 66, 363, 66, 1354, 118, 97, 609, 66, 97, 66, 398, 84, 66, 101, 66, 158, 101, 66, 97, 146, 66, 369, 369, 66, 92, 193, 326, 1120, 66, 66, 214, 66, 1242, 256, 66, 76, 73, 83, 73, 298, 68, 72, 1242, 70, 83, 235, 78, 78, 74, 66, 583, 66, 1354, 1354, 1008, 66, 66, 90, 166, 146, 385, 385, 66, 74, 66, 771, 78, 78, 583, 78, 1097, 74, 66, 66, 74, 66, 74, 66, 583, 66, 1354, 723, 1354, 1354, 66, 85, 583, 66, 1354, 301, 66, 164, 66, 78, 583, 1354, 1354, 66, 66, 1354, 1354, 1354, 299, 66, 66, 1242, 1354, 299, 66, 1354, 1354, 185, 97, 66, 66, 1242, 1242, 1242, 1242, 81, 645, 66, 1242, 1242, 1242, 81, 66, 78, 938, 78, 583, 1354, 1354, 66, 81, 74, 66, 583, 130, 66, 1354, 1354, 1354, 298, 66, 66, 1354, 1354, 322, 66, 66, 115, 494, 66, 1251, 1354, 66, 655, 163, 130, 1354, 1354, 66, 74, 66, 1097, 1354, 1354, 66, 66, 583, 1354, 1354, 465, 66, 1354, 66, 1354, 66, 1354, 1354, 1354, 1354, 1354, 185, 97, 107, 54, 66, 66, 1354, 1354, 66, 799, 1354, 66, 66, 1354, 66, 146, 1354, 66, 1354, 66, 1354, 369, 1354, 66, 66, 369, 515, 66, 1354, 66, 1354, 66, 1354, 66, 66, 1252, 1354, 100, 66, 1354, 66, 1354, 66, 1354, 1354, 1354, 66, 66, 1354, 66, 1354, 66, 74, 1354, 66, 1354, 66, 1354, 66, 1354, 66, 159, 1354, 66, 1354, 66, 1354, 66, 1354, 66, 92, 1354, 66, 370, 1354, 1354, 66, 66, 1354, 66, 1354, 66, 1354, 1354, 66, 66, 1354, 66, 1354, 66, 1354, 66, 899, 66, 1354, 66, 1354, 1354, 66, 66, 1354, 66, 76, 1294, 1354, 66, 1354, 66, 1354, 66, 1354, 1354, 66, 66, 1354, 66, 1354, 66, 97, 1354, 66, 1354, 68, 66, 1354, 66, 1354, 66, 1354, 66, 1354, 66, 1354, 66, 1354, 66, 1354, 66, 1354, 1354, 66, 66, 130, 1354, 1354, 66, 66, 1354, 1354, 66, 66, 1354, 66, 1354, 66, 1354, 66, 1354, 66, 1354, 1354, 66, 66, 1354, 1354, 66, 66, 1354, 66, 1354, 66, 1354, 66, 1354, 1354, 66, 66, 1354, 66, 478, 1354, 1354, 66, 66, 1354, 66, 1354, 66, 1354, 1354, 1354, 66, 66, 1354, 66, 1354, 1354, 66, 1354, 66, 66, 1354, 66, 1354, 66, 1354, 1354, 66, 66, 1354, 66, 1354, 1354, 66, 66, 1354, 82, 1354, 1338, 66, 66, 1354, 66, 1354, 1354, 66, 1354, 66, 66, 1354, 1354, 66, 1354, 1354, 1354, 66, 66, 1354, 1354, 1354, 1354, 66, 66, 117, 66, 1354, 1354, 66, 1354, 1354, 308, 66, 66, 1354, 66, 1354, 1354, 66, 1354, 66, 1354, 66, 1354, 66, 1354, 66, 1354, 66, 1354, 66, 1354, 66, 66, 1354, 1354, 66, 1354, 66, 799, 1354, 66, 66, 1354, 76, 66, 1354, 66, 66, 66, 66, 1354, 69, 66, 1354, 66, 1354, 66, 1354, 66, 1354, 66, 66, 344, 509, 1354, 66, 1354, 66, 1354, 66, 1319, 1354, 1354, 66, 66, 1354, 1251, 1354, 66, 66, 1354, 1354, 1354, 1354, 1354, 1354, 66, 66, 1354, 1354, 1354, 66, 66, 1354, 1354, 1354, 1354, 1354, 1354, 1354, 1354, 68, 66, 66, 66, 1354, 1354, 66, 1354, 1354, 66, 1354, 1354, 66, 1354, 1354, 66, 1354, 66, 1354, 1354, 1354, 66, 66, 1354, 1354, 1354, 1354, 1354, 1354, 1354, 1354, 1354, 1354, 1354, 1354, 1354, 1354, 1354, 1354, 1354, 1354, 1354, 66, 66, 66, 66, 1354, 66, 97, 90, 1354, 1354, 1354, 66, 1354, 1354, 1354, 66, 66, 66, 1354, 1354, 1354, 1354, 1354, 1354, 66, 66, 66, 1354, 1354, 1354, 1354, 1354, 1354, 1354, 1354, 1354, 1354, 1354, 74, 66, 66, 1354, 90, 66, 66, 66, 66, 66, 1354, 66, 1346, 66, 1354, 1354, 1354, 1354, 1354, 1354, 1354, 1354, 1354, 1354, 1354, 1354, 1354, 1354, 1354, 1354, 1354, 1354, 1354, 1354, 66, 66, 66, 1354, 1354, 1354, 1354, 1354, 1354, 66, 66, 66, 1354, 1354, 1354, 1354, 66, 1354, 1354, 1354, 1354, 1354, 1354, 1354, 1354, 1354, 1354, 1354, 1354, 66, 66, 66, 66, 1354, 1354, 1354, 1354, 1354, 1354, 66, 66, 66, 66, 1354, 1354, 1354, 1354, 1354, 1354, 1354, 1354, 1354, 1354, 1354, 66, 66, 1354, 1354, 66, 66, 66, 1354, 1354, 1354, 1354, 1354, 1354, 1354, 1354, 1354, 1354, 1354, 1354, 1354, 1354, 1354, 1354, 66, 66, 66, 1354, 1354, 1354, 1354, 1354, 1354, 1354, 1354, 1354, 1354, 66, 66, 1354, 1354, 1354, 1354, 1354, 1354, 1354, 1354, 1354, 1354, 1354, 1354, 1354, 1354, 1354, 1354, 1354, 1354, 1354, 66, 66, 1354, 1354, 1354, 1354, 1354, 1354, 1354, 1354, 1354, 1354, 1354, 1354, 1354, 1354, 1354, 1354, 1354, 1354, 1354, 1354, 1354, 66, 66, 1354, 1354, 1354, 1354, 1354, 1354, 1354, 1354, 1354, 66, 1354, 1354, 1354, 1354, 1354, 1354, 66, 1354, 1354, 1354, 66, 1354, 1354, 1354, 1354, 1354, 1354, 1354, 1354, 1354, 1354, 1354, 1354, 1354, 1354, 1354, 66, 66, 1354, 1354, 1354, 1354, 1354, 1354, 1354, 1354, 1354, 1354, 1354, 1354, 1354, 1354, 1354, 1354, 1354, 1354, 1354, 1354, 1354, 1354, 66, 66, 1354, 1354, 1354, 1354, 1354, 1354, 66, 66, 1354, 1354, 1354, 66, 1354, 1354, 1354, 1354, 1354, 1354, 1354, 1354, 1354, 1354, 1354, 1354, 1354, 1354, 1354, 1354, 1354, 1354, 1354, 1354, 1354, 1354, 1354, 1354, 66, 66, 1354, 1354, 1354, 1354, 1354, 1354, 1354, 1354, 1354, 1354, 1354, 1354, 1354, 66, 66, 66, 1354, 1354, 1354, 66, 1354, 1354, 1354, 1354, 1354, 1354, 1354, 1354, 1354, 1354, 1354, 1354, 1354, 1354, 1354, 1354, 1354, 1354, 1354, 1354, 1354, 1354, 1354, 1354, 1354, 1354, 1354, 66, 66, 1354, 1354, 1354, 66, 1354, 1354, 66, 66, 1354, 1354, 1354, 1354, 1354, 1354, 66, 1354, 1354, 1354, 66, 1354, 1354, 1354, 1354, 1354, 1354, 1354, 1354, 1354, 1354, 1354, 1354, 1354, 1354, 1354, 1354, 1354, 66, 1316, 1354, 1354, 66, 1354, 1354, 1354, 66, 1354, 1354, 1354, 1354, 1354, 1354, 66, 1354, 1354, 1354, 1354, 1354, 1354, 1354, 1354, 1354, 1354, 1354, 1354, 1354, 1354, 1354, 1354, 1354, 1354, 1354, 1354, 1354, 1354, 1354, 1354, 66, 66, 1354, 1354, 1354, 66, 1354, 1354, 1354, 1354, 1354, 1354, 1354, 1354, 1354, 1354, 1354, 1354, 1354, 1354, 66, 1354, 140, 1354, 1354, 1354, 1354, 1354, 1354, 1354, 1354, 1354, 362, 66, 66, 66, 1354, 66, 66, 1354, 66, 1354, 66, 1354, 1354, 66, 188, 168, 168, 168, 168, 172, 172, 1354, 66, 261, 1354, 66, 66, 66, 1354, 1354, 66, 66, 66, 1354, 66, 1354, 1354, 1354, 66, 1354, 66, 1354, 66, 1354, 1354, 66, 66, 66, 66, 66, 66, 66, 1354, 90, 1354, 66, 66, 1354, 1354, 1354, 66, 66, 1354, 1354, 1354, 66, 66, 1354, 66, 1354, 66, 1354, 66, 1354, 1354, 1354, 66, 66, 1354, 1354, 114, 66, 1354, 1354, 1354, 66, 66, 1306, 1354, 1354, 1354, 66, 66, 1354, 66, 1354, 1354, 66, 1354, 1354, 66, 1354, 66, 66, 1354, 66, 1354, 1354, 66, 1354, 66, 1354, 1354, 66, 1354, 66, 1354, 1354, 66, 1354, 1354, 1354, 66, 66, 1354, 66, 1354, 1354, 66, 1354, 106, 66, 1354, 1354, 1354, 66, 66, 1314, 66, 1354, 1354, 1354, 1354, 1354, 1354, 1354, 1354, 1354, 66, 66, 1354, 1354, 390, 747, 66, 1354, 1354, 1354, 66, 66, 1354, 1354, 66, 1354, 66, 1354, 1354, 66, 1354, 66, 1354, 1354, 66, 1354, 1354, 66, 66, 1354, 1354, 1354, 66, 66, 1354, 1354, 1354, 66, 66, 1354, 66, 1354, 1354, 1354, 66, 66, 1354, 1354, 1354, 66, 66, 1354, 1354, 1354, 1354, 66, 66, 1354, 66, 1354, 1354, 66, 1354, 66, 1354, 1354, 1354, 66, 1354, 66, 1354, 1354, 1354, 1354, 1354, 1354, 1354, 66, 66, 1354, 1354, 1354, 1050, 1354, 66, 66, 1354, 66, 1354, 66, 1354, 66, 1354, 66, 1354, 66, 1354, 66, 1354, 1354, 66, 1354, 1354, 66, 66, 1354, 1354, 66, 1354, 1354, 66, 76, 1354, 1354, 66, 1354, 450, 66, 942, 1354, 324, 73, 66, 66, 66]",5825924,54,1419,616.4346629986245,9451,0,0.0,"{'1': 325, '12': 26, '65': 184, '28': 12}",{},1817,12705,27,1288,747.3529411764706,5,True,False
https://allmalaysia.info/,d630c5a6-e274-4a8f-90f7-a8a68548c2aa,2025-04-10 11:09:34,"{'eth': 1799, 'ip': 1798, 'udp': 641, 'DATA': 752, 'tcp': 1157, 'tls': 463, 'quic': 20, 'dtls': 10, 'arp': 1}",1799,"[1288, 293, 76, 213, 77, 73, 66, 120, 75, 78, 1354, 1354, 1354, 1348, 66, 201, 106, 66, 1354, 1354, 1354, 1348, 66, 66, 120, 75, 332, 331, 78, 75, 580, 197, 71, 71, 67, 75, 1354, 1354, 1354, 1348, 66, 66, 199, 106, 66, 1354, 1354, 1354, 1348, 66, 66, 1288, 249, 295, 78, 528, 1069, 71, 75, 76, 1288, 197, 312, 78, 74, 457, 1064, 71, 75, 76, 71, 67, 75, 1354, 1354, 1354, 1348, 66, 739, 1348, 83, 83, 76, 78, 67, 201, 66, 106, 66, 1354, 1354, 1354, 1348, 66, 66, 1288, 215, 304, 78, 678, 83, 287, 76, 68, 1288, 208, 78, 78, 74, 68, 71, 67, 90, 120, 66, 745, 66, 66, 66, 75, 76, 66, 122, 66, 1354, 1354, 1354, 1348, 66, 1348, 78, 206, 66, 106, 66, 1354, 1354, 1354, 1348, 66, 66, 672, 83, 105, 76, 67, 71, 1354, 1354, 1354, 1348, 66, 67, 66, 199, 106, 66, 1354, 1354, 1354, 1348, 66, 66, 71, 68, 1354, 1354, 1354, 1348, 66, 66, 201, 106, 66, 1354, 1354, 1354, 1348, 66, 66, 71, 67, 78, 78, 1354, 1354, 1354, 1348, 66, 66, 199, 106, 66, 78, 1354, 1354, 1354, 1348, 66, 66, 71, 67, 78, 74, 66, 91, 91, 91, 91, 91, 91, 91, 91, 91, 91, 91, 91, 91, 91, 91, 91, 72, 66, 66, 66, 66, 66, 66, 66, 66, 66, 66, 66, 66, 66, 66, 66, 1354, 1354, 322, 66, 72, 91, 91, 91, 91, 91, 91, 91, 91, 73, 1354, 1354, 1354, 1348, 66, 66, 201, 106, 66, 1354, 1354, 1354, 1348, 66, 66, 279, 1354, 1354, 1354, 1348, 66, 66, 206, 106, 66, 1354, 1354, 1354, 1348, 66, 66, 71, 279, 67, 1354, 1354, 1354, 1348, 66, 206, 106, 66, 1354, 1354, 1354, 1348, 66, 279, 1251, 75, 76, 1354, 1354, 1354, 1348, 66, 66, 199, 106, 66, 1354, 1354, 1354, 1348, 66, 66, 722, 83, 259, 76, 67, 78, 1285, 373, 75, 76, 1354, 1354, 1354, 1348, 66, 66, 78, 591, 75, 76, 201, 106, 66, 1354, 1354, 1354, 1348, 103, 66, 66, 66, 103, 66, 279, 672, 156, 83, 76, 68, 675, 83, 106, 76, 68, 1354, 1354, 1354, 1348, 66, 1348, 78, 206, 66, 106, 66, 1354, 1354, 1354, 1348, 66, 66, 71, 67, 1292, 1292, 82, 1292, 1292, 211, 1288, 285, 560, 163, 73, 69, 83, 66, 73, 1354, 1354, 1354, 1348, 66, 66, 213, 73, 199, 106, 66, 1354, 1354, 1354, 1348, 66, 78, 66, 279, 1354, 1354, 1354, 1348, 83, 66, 66, 199, 106, 66, 1354, 1354, 1354, 1348, 66, 66, 73, 1354, 1354, 1354, 1348, 66, 66, 198, 106, 66, 1354, 1354, 1354, 1348, 66, 66, 78, 78, 1354, 1354, 1354, 1348, 66, 66, 201, 106, 66, 279, 1354, 1354, 1354, 1348, 66, 66, 1203, 75, 76, 54, 66, 718, 278, 83, 76, 67, 1354, 1354, 1354, 1348, 66, 66, 201, 106, 66, 1354, 1354, 1354, 1348, 66, 66, 1238, 75, 76, 333, 335, 74, 589, 210, 72, 75, 1354, 1354, 1354, 1348, 66, 66, 200, 106, 66, 1354, 1354, 1354, 672, 1348, 241, 82, 66, 68, 1077, 213, 79, 1035, 88, 79, 68, 71, 67, 1354, 1354, 1354, 1348, 66, 66, 206, 106, 66, 1354, 1354, 1354, 1348, 66, 66, 71, 67, 78, 1285, 1292, 1292, 1292, 1292, 1292, 1292, 1292, 1292, 1020, 75, 68, 76, 1354, 1354, 1354, 1348, 66, 66, 78, 206, 106, 66, 1354, 1354, 1354, 1348, 66, 66, 720, 83, 172, 76, 67, 71, 97, 66, 67, 1354, 1354, 1354, 1348, 66, 66, 141, 206, 168, 64, 77, 106, 66, 1354, 1354, 1354, 1348, 66, 66, 1354, 78, 66, 71, 67, 1354, 1354, 1354, 1348, 66, 206, 106, 66, 1354, 1354, 1354, 1348, 66, 71, 67, 1354, 1354, 1354, 1348, 66, 1348, 78, 206, 66, 106, 66, 1354, 1354, 1354, 1348, 66, 66, 120, 75, 105, 90, 66, 66, 66, 66, 71, 67, 1354, 1354, 1354, 1348, 66, 66, 206, 106, 66, 1354, 1354, 1354, 1348, 66, 66, 1354, 1354, 1354, 1348, 66, 66, 71, 67, 78, 206, 106, 66, 1354, 1354, 1354, 1348, 66, 66, 78, 1354, 1354, 1354, 1348, 66, 66, 206, 106, 66, 1354, 1354, 1354, 1348, 66, 71, 67, 494, 75, 1354, 1354, 1354, 1348, 66, 66, 206, 106, 66, 1354, 1354, 1354, 1348, 66, 66, 1052, 75, 76, 71, 67, 722, 83, 144, 76, 68, 279, 137, 66, 91, 72, 1354, 1354, 1354, 1348, 66, 66, 66, 206, 106, 66, 1354, 1354, 1354, 1348, 66, 66, 164, 230, 195, 761, 78, 755, 75, 71, 67, 66, 1354, 1354, 1354, 1348, 66, 66, 206, 106, 66, 1354, 1354, 1354, 1348, 66, 66, 71, 67, 140, 140, 172, 218, 78, 74, 66, 583, 66, 597, 78, 1354, 1354, 66, 66, 130, 601, 594, 66, 97, 1354, 68, 78, 97, 66, 66, 71, 67, 78, 981, 1354, 169, 1354, 1354, 1354, 375, 1354, 1354, 1354, 1354, 1354, 1354, 684, 1354, 1354, 1354, 375, 1354, 987, 66, 66, 66, 1134, 66, 1354, 1354, 1354, 1348, 66, 66, 206, 106, 66, 1354, 1354, 1354, 1348, 66, 66, 71, 67, 66, 66, 264, 804, 97, 66, 143, 71, 67, 185, 105, 708, 66, 105, 66, 303, 66, 101, 1354, 1354, 1354, 1348, 66, 66, 206, 106, 66, 1354, 1354, 1354, 1348, 66, 66, 159, 66, 78, 1292, 1111, 71, 75, 71, 71, 74, 66, 91, 91, 91, 91, 91, 91, 91, 91, 91, 91, 91, 91, 91, 91, 91, 91, 73, 67, 68, 1354, 1354, 1354, 1348, 1354, 993, 1288, 1292, 1292, 1292, 1292, 1292, 1292, 1292, 1292, 1292, 1292, 1292, 1292, 1292, 1292, 1292, 1292, 1292, 1292, 1292, 1292, 1292, 1292, 1292, 1292, 1292, 1292, 1292, 1292, 1292, 1292, 1292, 1292, 1292, 1292, 1292, 1292, 1287, 543, 160, 1287, 66, 78, 69, 65, 65, 65, 65, 65, 65, 65, 65, 65, 65, 65, 65, 65, 65, 65, 65, 65, 65, 79, 1292, 1292, 1292, 1292, 1292, 1292, 1292, 1292, 1292, 1292, 1292, 76, 1292, 1292, 1292, 1292, 1292, 938, 65, 70, 65, 65, 1075, 66, 66, 66, 66, 75, 76, 492, 206, 70, 1288, 1292, 1292, 1292, 349, 66, 106, 77, 73, 73, 66, 68, 90, 325, 90, 66, 66, 66, 54, 1354, 1354, 1354, 1348, 701, 70, 66, 66, 1288, 1292, 1292, 1292, 1292, 1292, 1292, 1292, 1292, 1292, 1292, 1292, 1292, 1292, 1292, 1292, 1292, 1292, 1292, 753, 77, 73, 73, 73, 73, 74, 74, 74, 74, 74, 72, 78, 67, 74, 75, 541, 76, 1292, 376, 184, 77, 178, 76, 76, 80, 76, 721, 83, 130, 76, 68, 66, 66, 66, 66, 66, 66, 66, 66, 66, 66, 66, 66, 66, 66, 66, 66, 66, 1354, 1354, 733, 66, 66, 68, 91, 91, 80, 91, 91, 91, 91, 91, 90, 71, 68, 71, 1287, 502, 244, 79, 485, 71, 75, 66, 66, 66, 137, 66, 66, 91, 72, 1354, 1354, 1354, 1354, 1354, 1354, 1354, 1354, 1354, 66, 66, 230, 254, 72, 75, 511, 70, 74, 72, 1288, 1292, 1224, 69, 75, 65, 76, 1354, 1354, 1354, 1348, 1288, 1292, 1292, 1292, 1292, 1292, 1292, 773, 297, 77, 73, 73, 73, 66, 74, 66, 66, 206, 106, 66, 1354, 1354, 1354, 1348, 74, 66, 66, 1287, 231, 79, 295, 75, 67, 1354, 1354, 66, 66, 66, 1354, 1354, 1354, 66, 66, 1354, 1354, 1354, 1354, 1354, 1354, 66, 66, 1354, 1354, 1354, 66, 66, 1354, 1354, 1354, 1354, 1354, 1354, 66, 66, 1287, 487, 90, 79, 68, 71, 101, 64, 80, 76, 67, 1354, 1354, 1354, 1348, 71, 66, 66, 67, 71, 206, 106, 66, 1354, 1354, 1354, 1348, 66, 66, 66, 1288, 1292, 976, 69, 66, 74, 1354, 1354, 1354, 1354, 66, 66, 1354, 1354, 66, 66, 1354, 1354, 1354, 1354, 1354, 1354, 66, 1354, 1354, 1354, 66, 66, 66, 1354, 1354, 1354, 1354, 1354, 1354, 66, 66, 66, 1354, 1354, 1354, 66, 66, 1354, 1354, 1354, 1354, 573, 66, 66, 90, 90, 66, 66, 66, 66, 66, 1288, 596, 69, 71, 74, 64, 75, 66, 78, 495, 181, 79, 75, 1288, 1022, 243, 77, 66, 1354, 1354, 1354, 1348, 66, 66, 74, 66, 206, 106, 66, 150, 1354, 1354, 1354, 1348, 225, 66, 66, 78, 90, 66, 54, 54, 90, 66, 94, 1288, 273, 82, 77, 74, 66, 66, 1354, 1354, 1354, 1348, 66, 66, 206, 332, 334, 75, 106, 66, 590, 212, 1354, 1354, 1354, 1348, 73, 66, 75, 493, 75, 66, 66, 1285, 239, 75, 76, 1354, 1354, 1354, 1348, 66, 66, 206, 106, 66, 1354, 1354, 1354, 1348, 66, 66, 1287, 556, 289, 79, 71, 67, 68, 722, 83, 321, 76, 68, 1287, 508, 186, 79, 1292, 959, 1069, 68, 75, 72, 76, 75, 675, 77, 83, 76, 67, 71, 67, 71, 68, 1287, 490, 320, 79, 68, 71, 67, 334, 332, 75, 1354, 1354, 1354, 1348, 66, 206, 106, 66, 1354, 1354, 1354, 1348, 66, 71, 67, 78, 66, 66, 71, 67, 1354, 1354, 1354, 1348, 66, 66, 206, 106, 66, 1354, 1354, 1354, 1348, 66, 66, 71, 67, 1164, 1288, 98, 75, 76, 70, 75, 786, 254, 78, 67, 731, 279, 82, 68, 71, 67, 1354, 1354, 1354, 1348, 66, 66, 206, 71, 106, 66, 67, 1354, 1354, 1354, 1348, 66, 66, 1285, 99, 75, 76, 78, 727, 83, 220, 76, 68, 71, 66, 1354, 1354, 1354, 1348, 66, 204, 105, 66, 1354, 1354, 1354, 1348, 66, 1354, 1354, 1354, 1348, 66, 66, 71, 120, 67, 206, 106, 66, 1354, 1354, 1354, 1348, 66, 66, 122, 66, 489, 1288, 562, 78, 68, 1354, 1354, 1354, 1348, 66, 206, 106, 66, 1354, 1354, 1354, 1348, 66, 66, 78, 1354, 1354, 1354, 1348, 66, 66, 206, 106, 66, 1354, 1354, 1354, 1348, 66, 66, 60, 71, 67, 595, 72, 75, 1354, 1354, 1354, 1348, 66, 1287, 290, 218, 79, 68, 487, 72, 75, 206, 106, 66, 1354, 1354, 1354, 1348, 66, 1287, 245, 121, 79, 68, 1354, 1354, 1354, 1348, 66, 66, 206, 106, 66, 1354, 1354, 1354, 1348, 66, 66, 78, 103, 66, 103, 66, 1354, 1354, 1354, 1348, 66, 66, 206, 106, 66, 1354, 1354, 1354, 1348, 66, 66, 1354, 1354, 1354, 1348, 66, 66, 206, 106, 66, 1354, 1354, 1354, 1348, 66, 595, 1285, 116, 75, 76, 72, 75, 728, 118, 82, 68, 71, 68, 1287, 290, 318, 78, 68, 1354, 1354, 1354, 1348, 66, 66, 206, 106, 66, 1354, 1354, 1354, 1348, 66, 66, 71, 67, 1275, 75, 76, 732, 83, 160, 76, 68, 1354, 1354, 1354, 1348, 66, 66, 206, 106, 66, 1354, 1354, 1354, 1348, 66, 122, 78, 1354, 1354, 1354, 1348, 66, 66, 206, 106, 66, 66, 1354, 1354, 1354, 1348, 66, 66, 1354, 1354, 1354, 1348, 66, 206, 106, 66, 1354, 1354, 1354, 1348, 66, 1354, 1354, 1354, 1348, 1354, 66, 66, 78, 206, 66, 106, 66, 1354, 1354, 1354, 1348, 66, 66, 98, 66, 94, 66, 1354]",1031360,54,1354,573.2962757087271,1157,"[78, 1354, 1354, 1354, 1348, 66, 201, 106, 66, 1354, 1354, 1354, 1348, 66, 66, 78, 1354, 1354, 1354, 1348, 66, 66, 199, 106, 66, 1354, 1354, 1354, 1348, 66, 66, 1354, 1354, 1354, 1348, 66, 1348, 78, 201, 66, 106, 66, 1354, 1354, 1354, 1348, 66, 66, 90, 120, 66, 66, 66, 66, 66, 122, 66, 1354, 1354, 1354, 1348, 66, 1348, 78, 206, 66, 106, 66, 1354, 1354, 1354, 1348, 66, 66, 1354, 1354, 1354, 1348, 66, 66, 199, 106, 66, 1354, 1354, 1354, 1348, 66, 66, 1354, 1354, 1354, 1348, 66, 66, 201, 106, 66, 1354, 1354, 1354, 1348, 66, 66, 78, 78, 1354, 1354, 1354, 1348, 66, 66, 199, 106, 66, 78, 1354, 1354, 1354, 1348, 66, 66, 78, 74, 66, 91, 91, 91, 91, 91, 91, 91, 91, 91, 91, 91, 91, 91, 91, 91, 91, 72, 66, 66, 66, 66, 66, 66, 66, 66, 66, 66, 66, 66, 66, 66, 66, 1354, 1354, 322, 66, 72, 91, 91, 91, 91, 91, 91, 91, 91, 73, 1354, 1354, 1354, 1348, 66, 66, 201, 106, 66, 1354, 1354, 1354, 1348, 66, 66, 279, 1354, 1354, 1354, 1348, 66, 66, 206, 106, 66, 1354, 1354, 1354, 1348, 66, 66, 279, 1354, 1354, 1354, 1348, 66, 206, 106, 66, 1354, 1354, 1354, 1348, 66, 279, 1354, 1354, 1354, 1348, 66, 66, 199, 106, 66, 1354, 1354, 1354, 1348, 66, 66, 78, 1354, 1354, 1354, 1348, 66, 66, 78, 201, 106, 66, 1354, 1354, 1354, 1348, 103, 66, 66, 66, 103, 66, 279, 1354, 1354, 1354, 1348, 66, 1348, 78, 206, 66, 106, 66, 1354, 1354, 1354, 1348, 66, 66, 1354, 1354, 1354, 1348, 66, 66, 199, 106, 66, 1354, 1354, 1354, 1348, 66, 279, 1354, 1354, 1354, 1348, 66, 66, 199, 106, 66, 1354, 1354, 1354, 1348, 66, 66, 1354, 1354, 1354, 1348, 66, 66, 198, 106, 66, 1354, 1354, 1354, 1348, 66, 66, 78, 78, 1354, 1354, 1354, 1348, 66, 66, 201, 106, 66, 279, 1354, 1354, 1354, 1348, 66, 66, 54, 66, 1354, 1354, 1354, 1348, 66, 66, 201, 106, 66, 1354, 1354, 1354, 1348, 66, 66, 1354, 1354, 1354, 1348, 66, 66, 200, 106, 66, 1354, 1354, 1354, 1348, 66, 1354, 1354, 1354, 1348, 66, 66, 206, 106, 66, 1354, 1354, 1354, 1348, 66, 66, 78, 1354, 1354, 1354, 1348, 66, 66, 78, 206, 106, 66, 1354, 1354, 1354, 1348, 66, 66, 97, 66, 1354, 1354, 1354, 1348, 66, 66, 206, 106, 66, 1354, 1354, 1354, 1348, 66, 66, 1354, 78, 1354, 1354, 1354, 1348, 66, 206, 106, 66, 1354, 1354, 1354, 1348, 66, 1354, 1354, 1354, 1348, 66, 1348, 78, 206, 66, 106, 66, 1354, 1354, 1354, 1348, 66, 66, 105, 90, 66, 66, 66, 66, 1354, 1354, 1354, 1348, 66, 66, 206, 106, 66, 1354, 1354, 1354, 1348, 66, 66, 1354, 1354, 1354, 1348, 66, 66, 78, 206, 106, 66, 1354, 1354, 1354, 1348, 66, 66, 78, 1354, 1354, 1354, 1348, 66, 66, 206, 106, 66, 1354, 1354, 1354, 1348, 66, 1354, 1354, 1354, 1348, 66, 66, 206, 106, 66, 1354, 1354, 1354, 1348, 66, 66, 279, 137, 66, 91, 72, 1354, 1354, 1354, 1348, 66, 66, 66, 206, 106, 66, 1354, 1354, 1354, 1348, 66, 66, 1354, 1354, 1354, 1348, 66, 66, 206, 106, 66, 1354, 1354, 1354, 1348, 66, 66, 78, 74, 66, 583, 66, 597, 78, 1354, 1354, 66, 66, 130, 601, 594, 66, 97, 1354, 68, 78, 97, 66, 66, 78, 981, 1354, 169, 1354, 1354, 1354, 375, 1354, 1354, 1354, 1354, 1354, 1354, 684, 1354, 1354, 1354, 375, 1354, 987, 66, 66, 66, 1134, 66, 1354, 1354, 1354, 1348, 66, 66, 206, 106, 66, 1354, 1354, 1354, 1348, 66, 66, 66, 66, 264, 804, 97, 66, 185, 105, 708, 66, 105, 66, 303, 66, 101, 1354, 1354, 1354, 1348, 66, 66, 206, 106, 66, 1354, 1354, 1354, 1348, 66, 66, 66, 78, 74, 66, 91, 91, 91, 91, 91, 91, 91, 91, 91, 91, 91, 91, 91, 91, 91, 91, 73, 1354, 1354, 1354, 1348, 1354, 66, 78, 206, 66, 106, 66, 90, 90, 66, 66, 66, 54, 1354, 1354, 1354, 1348, 66, 66, 78, 66, 66, 66, 66, 66, 66, 66, 66, 66, 66, 66, 66, 66, 66, 66, 66, 66, 1354, 1354, 733, 66, 66, 91, 91, 80, 91, 91, 91, 91, 91, 90, 66, 66, 66, 137, 66, 66, 91, 72, 1354, 1354, 1354, 1354, 1354, 1354, 1354, 1354, 1354, 66, 66, 1354, 1354, 1354, 1348, 66, 66, 206, 106, 66, 1354, 1354, 1354, 1348, 66, 1354, 1354, 66, 66, 66, 1354, 1354, 1354, 66, 66, 1354, 1354, 1354, 1354, 1354, 1354, 66, 66, 1354, 1354, 1354, 66, 66, 1354, 1354, 1354, 1354, 1354, 1354, 66, 66, 1354, 1354, 1354, 1348, 66, 66, 206, 106, 66, 1354, 1354, 1354, 1348, 66, 66, 1354, 1354, 1354, 1354, 66, 66, 1354, 1354, 66, 66, 1354, 1354, 1354, 1354, 1354, 1354, 66, 1354, 1354, 1354, 66, 66, 66, 1354, 1354, 1354, 1354, 1354, 1354, 66, 66, 66, 1354, 1354, 1354, 66, 66, 1354, 1354, 1354, 1354, 573, 66, 66, 90, 90, 66, 66, 66, 66, 66, 78, 1354, 1354, 1354, 1348, 66, 66, 206, 106, 66, 1354, 1354, 1354, 1348, 66, 66, 78, 90, 66, 54, 54, 90, 66, 94, 66, 1354, 1354, 1354, 1348, 66, 66, 206, 106, 66, 1354, 1354, 1354, 1348, 66, 66, 66, 1354, 1354, 1354, 1348, 66, 66, 206, 106, 66, 1354, 1354, 1354, 1348, 66, 66, 1354, 1354, 1354, 1348, 66, 206, 106, 66, 1354, 1354, 1354, 1348, 66, 78, 66, 66, 1354, 1354, 1354, 1348, 66, 66, 206, 106, 66, 1354, 1354, 1354, 1348, 66, 66, 1354, 1354, 1354, 1348, 66, 66, 206, 106, 66, 1354, 1354, 1354, 1348, 66, 66, 78, 1354, 1354, 1354, 1348, 66, 204, 105, 66, 1354, 1354, 1354, 1348, 66, 1354, 1354, 1354, 1348, 66, 66, 120, 206, 106, 66, 1354, 1354, 1354, 1348, 66, 66, 122, 66, 1354, 1354, 1354, 1348, 66, 206, 106, 66, 1354, 1354, 1354, 1348, 66, 66, 78, 1354, 1354, 1354, 1348, 66, 66, 206, 106, 66, 1354, 1354, 1354, 1348, 66, 66, 1354, 1354, 1354, 1348, 66, 206, 106, 66, 1354, 1354, 1354, 1348, 66, 1354, 1354, 1354, 1348, 66, 66, 206, 106, 66, 1354, 1354, 1354, 1348, 66, 66, 78, 103, 66, 103, 66, 1354, 1354, 1354, 1348, 66, 66, 206, 106, 66, 1354, 1354, 1354, 1348, 66, 66, 1354, 1354, 1354, 1348, 66, 66, 206, 106, 66, 1354, 1354, 1354, 1348, 66, 1354, 1354, 1354, 1348, 66, 66, 206, 106, 66, 1354, 1354, 1354, 1348, 66, 66, 1354, 1354, 1354, 1348, 66, 66, 206, 106, 66, 1354, 1354, 1354, 1348, 66, 122, 78, 1354, 1354, 1354, 1348, 66, 66, 206, 106, 66, 66, 1354, 1354, 1354, 1348, 66, 66, 1354, 1354, 1354, 1348, 66, 206, 106, 66, 1354, 1354, 1354, 1348, 66, 1354, 1354, 1354, 1348, 1354, 66, 66, 78, 206, 66, 106, 66, 1354, 1354, 1354, 1348, 66, 66, 98, 66, 94, 66, 1354]",766582,54,1354,662.5600691443389,1157,33,3,0,2.8522039757994815,2.4e-05,4.32981,0.029081176039119805,641,641,"[1288, 293, 76, 213, 77, 73, 66, 120, 75, 120, 75, 332, 331, 75, 580, 197, 71, 71, 67, 75, 1288, 249, 295, 78, 528, 1069, 71, 75, 76, 1288, 197, 312, 78, 74, 457, 1064, 71, 75, 76, 71, 67, 75, 739, 83, 83, 76, 67, 1288, 215, 304, 78, 678, 83, 287, 76, 68, 1288, 208, 78, 78, 74, 68, 71, 67, 745, 75, 76, 672, 83, 105, 76, 67, 71, 67, 71, 68, 71, 67, 71, 67, 71, 67, 1251, 75, 76, 722, 83, 259, 76, 67, 1285, 373, 75, 76, 591, 75, 76, 672, 156, 83, 76, 68, 675, 83, 106, 76, 68, 71, 67, 1292, 1292, 82, 1292, 1292, 211, 1288, 285, 560, 163, 73, 69, 83, 66, 73, 213, 73, 78, 66, 83, 73, 1203, 75, 76, 718, 278, 83, 76, 67, 1238, 75, 76, 333, 335, 74, 589, 210, 72, 75, 672, 241, 82, 68, 1077, 213, 79, 1035, 88, 79, 68, 71, 67, 71, 67, 1285, 1292, 1292, 1292, 1292, 1292, 1292, 1292, 1292, 1020, 75, 68, 76, 720, 83, 172, 76, 67, 71, 67, 141, 168, 64, 77, 66, 71, 67, 71, 67, 120, 75, 71, 67, 71, 67, 71, 67, 494, 75, 1052, 75, 76, 71, 67, 722, 83, 144, 76, 68, 164, 230, 195, 761, 78, 755, 75, 71, 67, 66, 71, 67, 140, 140, 172, 218, 71, 67, 71, 67, 143, 71, 67, 159, 1292, 1111, 71, 75, 71, 71, 67, 68, 993, 1288, 1292, 1292, 1292, 1292, 1292, 1292, 1292, 1292, 1292, 1292, 1292, 1292, 1292, 1292, 1292, 1292, 1292, 1292, 1292, 1292, 1292, 1292, 1292, 1292, 1292, 1292, 1292, 1292, 1292, 1292, 1292, 1292, 1292, 1292, 1292, 1292, 1287, 543, 160, 1287, 69, 65, 65, 65, 65, 65, 65, 65, 65, 65, 65, 65, 65, 65, 65, 65, 65, 65, 65, 79, 1292, 1292, 1292, 1292, 1292, 1292, 1292, 1292, 1292, 1292, 1292, 76, 1292, 1292, 1292, 1292, 1292, 938, 65, 70, 65, 65, 1075, 66, 66, 66, 66, 75, 76, 492, 70, 1288, 1292, 1292, 1292, 349, 77, 73, 73, 68, 325, 701, 70, 1288, 1292, 1292, 1292, 1292, 1292, 1292, 1292, 1292, 1292, 1292, 1292, 1292, 1292, 1292, 1292, 1292, 1292, 1292, 753, 77, 73, 73, 73, 73, 74, 74, 74, 74, 74, 72, 67, 74, 75, 541, 76, 1292, 376, 184, 77, 178, 76, 76, 80, 76, 721, 83, 130, 76, 68, 68, 71, 68, 71, 1287, 502, 244, 79, 485, 71, 75, 230, 254, 72, 75, 511, 70, 74, 72, 1288, 1292, 1224, 69, 75, 65, 76, 1288, 1292, 1292, 1292, 1292, 1292, 1292, 773, 297, 77, 73, 73, 73, 66, 74, 74, 66, 1287, 231, 79, 295, 75, 67, 1287, 487, 90, 79, 68, 71, 101, 64, 80, 76, 67, 71, 67, 71, 66, 1288, 1292, 976, 69, 66, 74, 1288, 596, 69, 71, 74, 64, 75, 66, 495, 181, 79, 75, 1288, 1022, 243, 77, 66, 74, 66, 150, 225, 1288, 273, 82, 77, 74, 66, 332, 334, 75, 590, 212, 73, 75, 493, 75, 1285, 239, 75, 76, 1287, 556, 289, 79, 71, 67, 68, 722, 83, 321, 76, 68, 1287, 508, 186, 79, 1292, 959, 1069, 68, 75, 72, 76, 75, 675, 77, 83, 76, 67, 71, 67, 71, 68, 1287, 490, 320, 79, 68, 71, 67, 334, 332, 75, 71, 67, 71, 67, 71, 67, 1164, 1288, 98, 75, 76, 70, 75, 786, 254, 78, 67, 731, 279, 82, 68, 71, 67, 71, 67, 1285, 99, 75, 76, 727, 83, 220, 76, 68, 71, 66, 71, 67, 489, 1288, 562, 78, 68, 71, 67, 595, 72, 75, 1287, 290, 218, 79, 68, 487, 72, 75, 1287, 245, 121, 79, 68, 595, 1285, 116, 75, 76, 72, 75, 728, 118, 82, 68, 71, 68, 1287, 290, 318, 78, 68, 71, 67, 1275, 75, 76, 732, 83, 160, 76, 68]",264718,64,1292,412.97659906396257,0,0,0,1798,"[1288, 293, 76, 213, 77, 73, 66, 120, 75, 78, 1354, 1354, 1354, 1348, 66, 201, 106, 66, 1354, 1354, 1354, 1348, 66, 66, 120, 75, 332, 331, 78, 75, 580, 197, 71, 71, 67, 75, 1354, 1354, 1354, 1348, 66, 66, 199, 106, 66, 1354, 1354, 1354, 1348, 66, 66, 1288, 249, 295, 78, 528, 1069, 71, 75, 76, 1288, 197, 312, 78, 74, 457, 1064, 71, 75, 76, 71, 67, 75, 1354, 1354, 1354, 1348, 66, 739, 1348, 83, 83, 76, 78, 67, 201, 66, 106, 66, 1354, 1354, 1354, 1348, 66, 66, 1288, 215, 304, 78, 678, 83, 287, 76, 68, 1288, 208, 78, 78, 74, 68, 71, 67, 90, 120, 66, 745, 66, 66, 66, 75, 76, 66, 122, 66, 1354, 1354, 1354, 1348, 66, 1348, 78, 206, 66, 106, 66, 1354, 1354, 1354, 1348, 66, 66, 672, 83, 105, 76, 67, 71, 1354, 1354, 1354, 1348, 66, 67, 66, 199, 106, 66, 1354, 1354, 1354, 1348, 66, 66, 71, 68, 1354, 1354, 1354, 1348, 66, 66, 201, 106, 66, 1354, 1354, 1354, 1348, 66, 66, 71, 67, 78, 78, 1354, 1354, 1354, 1348, 66, 66, 199, 106, 66, 78, 1354, 1354, 1354, 1348, 66, 66, 71, 67, 78, 74, 66, 91, 91, 91, 91, 91, 91, 91, 91, 91, 91, 91, 91, 91, 91, 91, 91, 72, 66, 66, 66, 66, 66, 66, 66, 66, 66, 66, 66, 66, 66, 66, 66, 1354, 1354, 322, 66, 72, 91, 91, 91, 91, 91, 91, 91, 91, 73, 1354, 1354, 1354, 1348, 66, 66, 201, 106, 66, 1354, 1354, 1354, 1348, 66, 66, 279, 1354, 1354, 1354, 1348, 66, 66, 206, 106, 66, 1354, 1354, 1354, 1348, 66, 66, 71, 279, 67, 1354, 1354, 1354, 1348, 66, 206, 106, 66, 1354, 1354, 1354, 1348, 66, 279, 1251, 75, 76, 1354, 1354, 1354, 1348, 66, 66, 199, 106, 66, 1354, 1354, 1354, 1348, 66, 66, 722, 83, 259, 76, 67, 78, 1285, 373, 75, 76, 1354, 1354, 1354, 1348, 66, 66, 78, 591, 75, 76, 201, 106, 66, 1354, 1354, 1354, 1348, 103, 66, 66, 66, 103, 66, 279, 672, 156, 83, 76, 68, 675, 83, 106, 76, 68, 1354, 1354, 1354, 1348, 66, 1348, 78, 206, 66, 106, 66, 1354, 1354, 1354, 1348, 66, 66, 71, 67, 1292, 1292, 82, 1292, 1292, 211, 1288, 285, 560, 163, 73, 69, 83, 66, 73, 1354, 1354, 1354, 1348, 66, 66, 213, 73, 199, 106, 66, 1354, 1354, 1354, 1348, 66, 78, 66, 279, 1354, 1354, 1354, 1348, 83, 66, 66, 199, 106, 66, 1354, 1354, 1354, 1348, 66, 66, 73, 1354, 1354, 1354, 1348, 66, 66, 198, 106, 66, 1354, 1354, 1354, 1348, 66, 66, 78, 78, 1354, 1354, 1354, 1348, 66, 66, 201, 106, 66, 279, 1354, 1354, 1354, 1348, 66, 66, 1203, 75, 76, 54, 66, 718, 278, 83, 76, 67, 1354, 1354, 1354, 1348, 66, 66, 201, 106, 66, 1354, 1354, 1354, 1348, 66, 66, 1238, 75, 76, 333, 335, 74, 589, 210, 72, 75, 1354, 1354, 1354, 1348, 66, 66, 200, 106, 66, 1354, 1354, 1354, 672, 1348, 241, 82, 66, 68, 1077, 213, 79, 1035, 88, 79, 68, 71, 67, 1354, 1354, 1354, 1348, 66, 66, 206, 106, 66, 1354, 1354, 1354, 1348, 66, 66, 71, 67, 78, 1285, 1292, 1292, 1292, 1292, 1292, 1292, 1292, 1292, 1020, 75, 68, 76, 1354, 1354, 1354, 1348, 66, 66, 78, 206, 106, 66, 1354, 1354, 1354, 1348, 66, 66, 720, 83, 172, 76, 67, 71, 97, 66, 67, 1354, 1354, 1354, 1348, 66, 66, 141, 206, 168, 64, 77, 106, 66, 1354, 1354, 1354, 1348, 66, 66, 1354, 78, 66, 71, 67, 1354, 1354, 1354, 1348, 66, 206, 106, 66, 1354, 1354, 1354, 1348, 66, 71, 67, 1354, 1354, 1354, 1348, 66, 1348, 78, 206, 66, 106, 66, 1354, 1354, 1354, 1348, 66, 66, 120, 75, 105, 90, 66, 66, 66, 66, 71, 67, 1354, 1354, 1354, 1348, 66, 66, 206, 106, 66, 1354, 1354, 1354, 1348, 66, 66, 1354, 1354, 1354, 1348, 66, 66, 71, 67, 78, 206, 106, 66, 1354, 1354, 1354, 1348, 66, 66, 78, 1354, 1354, 1354, 1348, 66, 66, 206, 106, 66, 1354, 1354, 1354, 1348, 66, 71, 67, 494, 75, 1354, 1354, 1354, 1348, 66, 66, 206, 106, 66, 1354, 1354, 1354, 1348, 66, 66, 1052, 75, 76, 71, 67, 722, 83, 144, 76, 68, 279, 137, 66, 91, 72, 1354, 1354, 1354, 1348, 66, 66, 66, 206, 106, 66, 1354, 1354, 1354, 1348, 66, 66, 164, 230, 195, 761, 78, 755, 75, 71, 67, 66, 1354, 1354, 1354, 1348, 66, 66, 206, 106, 66, 1354, 1354, 1354, 1348, 66, 66, 71, 67, 140, 140, 172, 218, 78, 74, 66, 583, 66, 597, 78, 1354, 1354, 66, 66, 130, 601, 594, 66, 97, 1354, 68, 78, 97, 66, 66, 71, 67, 78, 981, 1354, 169, 1354, 1354, 1354, 375, 1354, 1354, 1354, 1354, 1354, 1354, 684, 1354, 1354, 1354, 375, 1354, 987, 66, 66, 66, 1134, 66, 1354, 1354, 1354, 1348, 66, 66, 206, 106, 66, 1354, 1354, 1354, 1348, 66, 66, 71, 67, 66, 66, 264, 804, 97, 66, 143, 71, 67, 185, 105, 708, 66, 105, 66, 303, 66, 101, 1354, 1354, 1354, 1348, 66, 66, 206, 106, 66, 1354, 1354, 1354, 1348, 66, 66, 159, 66, 78, 1292, 1111, 71, 75, 71, 71, 74, 66, 91, 91, 91, 91, 91, 91, 91, 91, 91, 91, 91, 91, 91, 91, 91, 91, 73, 67, 68, 1354, 1354, 1354, 1348, 1354, 993, 1288, 1292, 1292, 1292, 1292, 1292, 1292, 1292, 1292, 1292, 1292, 1292, 1292, 1292, 1292, 1292, 1292, 1292, 1292, 1292, 1292, 1292, 1292, 1292, 1292, 1292, 1292, 1292, 1292, 1292, 1292, 1292, 1292, 1292, 1292, 1292, 1292, 1287, 543, 160, 1287, 66, 78, 69, 65, 65, 65, 65, 65, 65, 65, 65, 65, 65, 65, 65, 65, 65, 65, 65, 65, 65, 79, 1292, 1292, 1292, 1292, 1292, 1292, 1292, 1292, 1292, 1292, 1292, 76, 1292, 1292, 1292, 1292, 1292, 938, 65, 70, 65, 65, 1075, 66, 66, 66, 66, 75, 76, 492, 206, 70, 1288, 1292, 1292, 1292, 349, 66, 106, 77, 73, 73, 66, 68, 90, 325, 90, 66, 66, 66, 54, 1354, 1354, 1354, 1348, 701, 70, 66, 66, 1288, 1292, 1292, 1292, 1292, 1292, 1292, 1292, 1292, 1292, 1292, 1292, 1292, 1292, 1292, 1292, 1292, 1292, 1292, 753, 77, 73, 73, 73, 73, 74, 74, 74, 74, 74, 72, 78, 67, 74, 75, 541, 76, 1292, 376, 184, 77, 178, 76, 76, 80, 76, 721, 83, 130, 76, 68, 66, 66, 66, 66, 66, 66, 66, 66, 66, 66, 66, 66, 66, 66, 66, 66, 66, 1354, 1354, 733, 66, 66, 68, 91, 91, 80, 91, 91, 91, 91, 91, 90, 71, 68, 71, 1287, 502, 244, 79, 485, 71, 75, 66, 66, 66, 137, 66, 66, 91, 72, 1354, 1354, 1354, 1354, 1354, 1354, 1354, 1354, 1354, 66, 66, 230, 254, 72, 75, 511, 70, 74, 72, 1288, 1292, 1224, 69, 75, 65, 76, 1354, 1354, 1354, 1348, 1288, 1292, 1292, 1292, 1292, 1292, 1292, 773, 297, 77, 73, 73, 73, 66, 74, 66, 66, 206, 106, 66, 1354, 1354, 1354, 1348, 74, 66, 66, 1287, 231, 79, 295, 75, 67, 1354, 1354, 66, 66, 66, 1354, 1354, 1354, 66, 66, 1354, 1354, 1354, 1354, 1354, 1354, 66, 66, 1354, 1354, 1354, 66, 66, 1354, 1354, 1354, 1354, 1354, 1354, 66, 66, 1287, 487, 90, 79, 68, 71, 101, 64, 80, 76, 67, 1354, 1354, 1354, 1348, 71, 66, 66, 67, 71, 206, 106, 66, 1354, 1354, 1354, 1348, 66, 66, 66, 1288, 1292, 976, 69, 66, 74, 1354, 1354, 1354, 1354, 66, 66, 1354, 1354, 66, 66, 1354, 1354, 1354, 1354, 1354, 1354, 66, 1354, 1354, 1354, 66, 66, 66, 1354, 1354, 1354, 1354, 1354, 1354, 66, 66, 66, 1354, 1354, 1354, 66, 66, 1354, 1354, 1354, 1354, 573, 66, 66, 90, 90, 66, 66, 66, 66, 66, 1288, 596, 69, 71, 74, 64, 75, 66, 78, 495, 181, 79, 75, 1288, 1022, 243, 77, 66, 1354, 1354, 1354, 1348, 66, 66, 74, 66, 206, 106, 66, 150, 1354, 1354, 1354, 1348, 225, 66, 66, 78, 90, 66, 54, 54, 90, 66, 94, 1288, 273, 82, 77, 74, 66, 66, 1354, 1354, 1354, 1348, 66, 66, 206, 332, 334, 75, 106, 66, 590, 212, 1354, 1354, 1354, 1348, 73, 66, 75, 493, 75, 66, 66, 1285, 239, 75, 76, 1354, 1354, 1354, 1348, 66, 66, 206, 106, 66, 1354, 1354, 1354, 1348, 66, 66, 1287, 556, 289, 79, 71, 67, 68, 722, 83, 321, 76, 68, 1287, 508, 186, 79, 1292, 959, 1069, 68, 75, 72, 76, 75, 675, 77, 83, 76, 67, 71, 67, 71, 68, 1287, 490, 320, 79, 68, 71, 67, 334, 332, 75, 1354, 1354, 1354, 1348, 66, 206, 106, 66, 1354, 1354, 1354, 1348, 66, 71, 67, 78, 66, 66, 71, 67, 1354, 1354, 1354, 1348, 66, 66, 206, 106, 66, 1354, 1354, 1354, 1348, 66, 66, 71, 67, 1164, 1288, 98, 75, 76, 70, 75, 786, 254, 78, 67, 731, 279, 82, 68, 71, 67, 1354, 1354, 1354, 1348, 66, 66, 206, 71, 106, 66, 67, 1354, 1354, 1354, 1348, 66, 66, 1285, 99, 75, 76, 78, 727, 83, 220, 76, 68, 71, 66, 1354, 1354, 1354, 1348, 66, 204, 105, 66, 1354, 1354, 1354, 1348, 66, 1354, 1354, 1354, 1348, 66, 66, 71, 120, 67, 206, 106, 66, 1354, 1354, 1354, 1348, 66, 66, 122, 66, 489, 1288, 562, 78, 68, 1354, 1354, 1354, 1348, 66, 206, 106, 66, 1354, 1354, 1354, 1348, 66, 66, 78, 1354, 1354, 1354, 1348, 66, 66, 206, 106, 66, 1354, 1354, 1354, 1348, 66, 66, 71, 67, 595, 72, 75, 1354, 1354, 1354, 1348, 66, 1287, 290, 218, 79, 68, 487, 72, 75, 206, 106, 66, 1354, 1354, 1354, 1348, 66, 1287, 245, 121, 79, 68, 1354, 1354, 1354, 1348, 66, 66, 206, 106, 66, 1354, 1354, 1354, 1348, 66, 66, 78, 103, 66, 103, 66, 1354, 1354, 1354, 1348, 66, 66, 206, 106, 66, 1354, 1354, 1354, 1348, 66, 66, 1354, 1354, 1354, 1348, 66, 66, 206, 106, 66, 1354, 1354, 1354, 1348, 66, 595, 1285, 116, 75, 76, 72, 75, 728, 118, 82, 68, 71, 68, 1287, 290, 318, 78, 68, 1354, 1354, 1354, 1348, 66, 66, 206, 106, 66, 1354, 1354, 1354, 1348, 66, 66, 71, 67, 1275, 75, 76, 732, 83, 160, 76, 68, 1354, 1354, 1354, 1348, 66, 66, 206, 106, 66, 1354, 1354, 1354, 1348, 66, 122, 78, 1354, 1354, 1354, 1348, 66, 66, 206, 106, 66, 66, 1354, 1354, 1354, 1348, 66, 66, 1354, 1354, 1354, 1348, 66, 206, 106, 66, 1354, 1354, 1354, 1348, 66, 1354, 1354, 1354, 1348, 1354, 66, 66, 78, 206, 66, 106, 66, 1354, 1354, 1354, 1348, 66, 66, 98, 66, 94, 66, 1354]",1031300,54,1354,573.5817575083425,1798,0,0.0,{},{},752,228794,22,1250,372.628664495114,5,True,False
https://allmalaysia.info/,68ebe00b-703e-4df9-9910-5031c8d172ab,2025-04-10 11:09:50,"{'eth': 708, 'ip': 708, 'udp': 172, 'DATA': 198, 'tcp': 536, 'tls': 219, 'dtls': 2}",708,"[71, 67, 71, 67, 71, 67, 54, 66, 71, 67, 835, 1021, 75, 75, 75, 740, 306, 82, 68, 698, 83, 255, 76, 68, 792, 75, 76, 71, 67, 694, 198, 82, 68, 349, 66, 107, 66, 71, 70, 78, 74, 66, 91, 91, 91, 91, 91, 91, 91, 91, 91, 91, 91, 91, 91, 91, 91, 91, 72, 66, 66, 66, 66, 66, 66, 66, 66, 66, 66, 66, 66, 66, 66, 66, 66, 1354, 1354, 323, 66, 91, 91, 80, 91, 91, 91, 91, 91, 90, 66, 137, 66, 91, 72, 66, 791, 75, 76, 696, 80, 82, 68, 836, 75, 76, 694, 296, 82, 68, 493, 75, 71, 67, 71, 67, 264, 804, 97, 66, 78, 71, 67, 54, 101, 66, 78, 1286, 1292, 1292, 1292, 570, 66, 71, 67, 74, 66, 272, 133, 66, 113, 66, 1354, 1354, 66, 66, 1354, 114, 223, 66, 71, 75, 68, 66, 141, 67, 74, 66, 91, 91, 91, 91, 91, 91, 91, 91, 91, 91, 91, 91, 91, 91, 91, 91, 73, 150, 66, 142, 66, 117, 66, 117, 66, 66, 162, 66, 114, 66, 304, 66, 234, 66, 225, 419, 292, 66, 66, 167, 1034, 1288, 1292, 1292, 755, 78, 75, 501, 66, 66, 68, 276, 66, 115, 66, 174, 1354, 115, 78, 66, 363, 66, 204, 66, 199, 203, 66, 198, 66, 196, 66, 210, 66, 363, 66, 114, 192, 66, 66, 71, 216, 66, 67, 222, 332, 66, 66, 139, 221, 66, 211, 66, 66, 66, 66, 66, 66, 66, 66, 66, 66, 207, 66, 66, 66, 66, 66, 66, 66, 66, 66, 66, 1354, 1354, 733, 66, 66, 91, 91, 80, 91, 91, 91, 77, 193, 91, 91, 79, 66, 203, 542, 66, 66, 190, 66, 108, 192, 66, 109, 66, 105, 66, 101, 66, 105, 66, 66, 132, 66, 137, 66, 225, 407, 66, 139, 1285, 1292, 1292, 1194, 75, 76, 66, 540, 66, 110, 71, 66, 67, 150, 66, 111, 66, 66, 741, 236, 83, 76, 67, 66, 66, 66, 66, 66, 137, 66, 66, 91, 72, 1354, 1354, 1354, 1354, 1354, 1354, 1354, 1354, 1354, 66, 66, 120, 122, 66, 1354, 1354, 66, 66, 66, 1354, 1354, 1354, 1354, 1354, 1354, 1354, 1354, 1354, 1354, 1354, 1354, 1354, 1354, 1354, 1354, 1354, 1354, 66, 66, 66, 71, 67, 1354, 1354, 1354, 1354, 66, 66, 1354, 1354, 1354, 1354, 1354, 1354, 1354, 1354, 1354, 1354, 1354, 1354, 1354, 1354, 1354, 1354, 1354, 1354, 1354, 1354, 66, 66, 66, 1354, 1354, 1354, 1354, 573, 66, 66, 90, 66, 90, 66, 66, 66, 787, 974, 77, 76, 694, 695, 76, 155, 85, 76, 67, 90, 66, 54, 54, 136, 152, 71, 67, 1285, 799, 75, 76, 748, 157, 82, 1288, 187, 68, 69, 74, 64, 75, 183, 77, 160, 66, 496, 81, 66, 101, 66, 133, 66, 141, 66, 150, 115, 66, 167, 66, 129, 154, 66, 115, 66, 109, 66, 105, 66, 103, 66, 103, 66, 71, 67, 78, 74, 66, 583, 78, 66, 74, 66, 583, 1354, 1354, 66, 1078, 66, 66, 1354, 1354, 66, 1076, 66, 146, 369, 369, 66, 128, 66, 146, 369, 369, 128, 66, 1354, 73, 97, 54, 462, 97, 1354, 67, 97, 445, 97, 66, 66, 97, 66, 66, 66, 66, 97, 66, 706, 97, 66, 826, 66, 198, 933, 97, 66, 101, 66, 198, 918, 97, 66, 66, 1354, 1354, 66, 1354, 1354, 66, 1354, 584, 66, 1354, 66, 1354, 66, 1354, 66, 1354, 66, 1354, 66, 1354, 66, 1354, 66, 1354, 66, 1354, 66, 1354, 66, 1354, 66, 1354, 66, 1354, 66, 1354, 66, 1354, 66, 1354, 1330, 66, 122, 183, 600, 97, 66, 183, 578, 97, 66, 66, 66, 66, 66, 1285, 570, 75, 76, 1354, 1354, 66, 1354, 66, 1354, 66, 556, 66, 1354, 66, 534, 66, 745, 322, 83, 76, 68, 345, 346, 345, 76, 71, 67, 71, 67, 54, 66, 174, 75, 75, 183, 82, 67, 71, 67, 71, 67, 71, 70, 123, 75, 71, 67, 54, 54, 54, 54, 54, 54, 66, 66, 66, 66, 66, 54, 71, 67, 105, 90, 66, 66, 66, 66, 105, 90, 66, 66, 66, 66, 66, 66, 66, 66, 71, 67, 71, 67, 71, 67, 71, 67, 71, 67, 54, 54, 66, 66]",235413,54,1354,332.5042372881356,536,"[54, 66, 349, 66, 107, 66, 78, 74, 66, 91, 91, 91, 91, 91, 91, 91, 91, 91, 91, 91, 91, 91, 91, 91, 91, 72, 66, 66, 66, 66, 66, 66, 66, 66, 66, 66, 66, 66, 66, 66, 66, 66, 1354, 1354, 323, 66, 91, 91, 80, 91, 91, 91, 91, 91, 90, 66, 137, 66, 91, 72, 66, 264, 804, 97, 66, 78, 54, 101, 66, 78, 66, 74, 66, 272, 133, 66, 113, 66, 1354, 1354, 66, 66, 1354, 114, 223, 66, 66, 141, 74, 66, 91, 91, 91, 91, 91, 91, 91, 91, 91, 91, 91, 91, 91, 91, 91, 91, 73, 150, 66, 142, 66, 117, 66, 117, 66, 66, 162, 66, 114, 66, 304, 66, 234, 66, 225, 419, 292, 66, 66, 167, 501, 66, 66, 276, 66, 115, 66, 174, 1354, 115, 78, 66, 363, 66, 204, 66, 199, 203, 66, 198, 66, 196, 66, 210, 66, 363, 66, 114, 192, 66, 66, 216, 66, 222, 332, 66, 66, 139, 221, 66, 211, 66, 66, 66, 66, 66, 66, 66, 66, 66, 66, 207, 66, 66, 66, 66, 66, 66, 66, 66, 66, 66, 1354, 1354, 733, 66, 66, 91, 91, 80, 91, 91, 91, 77, 193, 91, 91, 79, 66, 203, 542, 66, 66, 190, 66, 108, 192, 66, 109, 66, 105, 66, 101, 66, 105, 66, 66, 132, 66, 137, 66, 225, 407, 66, 139, 66, 540, 66, 110, 66, 150, 66, 111, 66, 66, 66, 66, 66, 66, 66, 137, 66, 66, 91, 72, 1354, 1354, 1354, 1354, 1354, 1354, 1354, 1354, 1354, 66, 66, 120, 122, 66, 1354, 1354, 66, 66, 66, 1354, 1354, 1354, 1354, 1354, 1354, 1354, 1354, 1354, 1354, 1354, 1354, 1354, 1354, 1354, 1354, 1354, 1354, 66, 66, 66, 1354, 1354, 1354, 1354, 66, 66, 1354, 1354, 1354, 1354, 1354, 1354, 1354, 1354, 1354, 1354, 1354, 1354, 1354, 1354, 1354, 1354, 1354, 1354, 1354, 1354, 66, 66, 66, 1354, 1354, 1354, 1354, 573, 66, 66, 90, 66, 90, 66, 66, 66, 90, 66, 54, 54, 160, 66, 101, 66, 133, 66, 141, 66, 150, 115, 66, 167, 66, 129, 154, 66, 115, 66, 109, 66, 105, 66, 103, 66, 103, 66, 78, 74, 66, 583, 78, 66, 74, 66, 583, 1354, 1354, 66, 1078, 66, 66, 1354, 1354, 66, 1076, 66, 146, 369, 369, 66, 128, 66, 146, 369, 369, 128, 66, 1354, 73, 97, 54, 462, 97, 1354, 67, 97, 445, 97, 66, 66, 97, 66, 66, 66, 66, 97, 66, 706, 97, 66, 826, 66, 198, 933, 97, 66, 101, 66, 198, 918, 97, 66, 66, 1354, 1354, 66, 1354, 1354, 66, 1354, 584, 66, 1354, 66, 1354, 66, 1354, 66, 1354, 66, 1354, 66, 1354, 66, 1354, 66, 1354, 66, 1354, 66, 1354, 66, 1354, 66, 1354, 66, 1354, 66, 1354, 66, 1354, 66, 1354, 1330, 66, 122, 183, 600, 97, 66, 183, 578, 97, 66, 66, 66, 66, 66, 1354, 1354, 66, 1354, 66, 1354, 66, 556, 66, 1354, 66, 534, 66, 54, 66, 54, 54, 54, 54, 54, 54, 66, 66, 66, 66, 66, 54, 105, 90, 66, 66, 66, 66, 105, 90, 66, 66, 66, 66, 66, 66, 66, 66, 54, 54, 66, 66]",187098,54,1354,349.0634328358209,536,0,0,0,0.0,2.5e-05,0.23447,0.03275475362318841,172,172,"[71, 67, 71, 67, 71, 67, 71, 67, 835, 1021, 75, 75, 75, 740, 306, 82, 68, 698, 83, 255, 76, 68, 792, 75, 76, 71, 67, 694, 198, 82, 68, 71, 70, 791, 75, 76, 696, 80, 82, 68, 836, 75, 76, 694, 296, 82, 68, 493, 75, 71, 67, 71, 67, 71, 67, 1286, 1292, 1292, 1292, 570, 71, 67, 71, 75, 68, 67, 1034, 1288, 1292, 1292, 755, 78, 75, 68, 71, 67, 1285, 1292, 1292, 1194, 75, 76, 71, 67, 741, 236, 83, 76, 67, 71, 67, 787, 974, 77, 76, 694, 695, 76, 155, 85, 76, 67, 136, 152, 71, 67, 1285, 799, 75, 76, 748, 157, 82, 1288, 187, 68, 69, 74, 64, 75, 183, 77, 496, 81, 66, 71, 67, 1285, 570, 75, 76, 745, 322, 83, 76, 68, 345, 346, 345, 76, 71, 67, 71, 67, 174, 75, 75, 183, 82, 67, 71, 67, 71, 67, 71, 70, 123, 75, 71, 67, 71, 67, 71, 67, 71, 67, 71, 67, 71, 67, 71, 67]",48315,64,1292,280.9011627906977,0,0,0,708,"[71, 67, 71, 67, 71, 67, 54, 66, 71, 67, 835, 1021, 75, 75, 75, 740, 306, 82, 68, 698, 83, 255, 76, 68, 792, 75, 76, 71, 67, 694, 198, 82, 68, 349, 66, 107, 66, 71, 70, 78, 74, 66, 91, 91, 91, 91, 91, 91, 91, 91, 91, 91, 91, 91, 91, 91, 91, 91, 72, 66, 66, 66, 66, 66, 66, 66, 66, 66, 66, 66, 66, 66, 66, 66, 66, 1354, 1354, 323, 66, 91, 91, 80, 91, 91, 91, 91, 91, 90, 66, 137, 66, 91, 72, 66, 791, 75, 76, 696, 80, 82, 68, 836, 75, 76, 694, 296, 82, 68, 493, 75, 71, 67, 71, 67, 264, 804, 97, 66, 78, 71, 67, 54, 101, 66, 78, 1286, 1292, 1292, 1292, 570, 66, 71, 67, 74, 66, 272, 133, 66, 113, 66, 1354, 1354, 66, 66, 1354, 114, 223, 66, 71, 75, 68, 66, 141, 67, 74, 66, 91, 91, 91, 91, 91, 91, 91, 91, 91, 91, 91, 91, 91, 91, 91, 91, 73, 150, 66, 142, 66, 117, 66, 117, 66, 66, 162, 66, 114, 66, 304, 66, 234, 66, 225, 419, 292, 66, 66, 167, 1034, 1288, 1292, 1292, 755, 78, 75, 501, 66, 66, 68, 276, 66, 115, 66, 174, 1354, 115, 78, 66, 363, 66, 204, 66, 199, 203, 66, 198, 66, 196, 66, 210, 66, 363, 66, 114, 192, 66, 66, 71, 216, 66, 67, 222, 332, 66, 66, 139, 221, 66, 211, 66, 66, 66, 66, 66, 66, 66, 66, 66, 66, 207, 66, 66, 66, 66, 66, 66, 66, 66, 66, 66, 1354, 1354, 733, 66, 66, 91, 91, 80, 91, 91, 91, 77, 193, 91, 91, 79, 66, 203, 542, 66, 66, 190, 66, 108, 192, 66, 109, 66, 105, 66, 101, 66, 105, 66, 66, 132, 66, 137, 66, 225, 407, 66, 139, 1285, 1292, 1292, 1194, 75, 76, 66, 540, 66, 110, 71, 66, 67, 150, 66, 111, 66, 66, 741, 236, 83, 76, 67, 66, 66, 66, 66, 66, 137, 66, 66, 91, 72, 1354, 1354, 1354, 1354, 1354, 1354, 1354, 1354, 1354, 66, 66, 120, 122, 66, 1354, 1354, 66, 66, 66, 1354, 1354, 1354, 1354, 1354, 1354, 1354, 1354, 1354, 1354, 1354, 1354, 1354, 1354, 1354, 1354, 1354, 1354, 66, 66, 66, 71, 67, 1354, 1354, 1354, 1354, 66, 66, 1354, 1354, 1354, 1354, 1354, 1354, 1354, 1354, 1354, 1354, 1354, 1354, 1354, 1354, 1354, 1354, 1354, 1354, 1354, 1354, 66, 66, 66, 1354, 1354, 1354, 1354, 573, 66, 66, 90, 66, 90, 66, 66, 66, 787, 974, 77, 76, 694, 695, 76, 155, 85, 76, 67, 90, 66, 54, 54, 136, 152, 71, 67, 1285, 799, 75, 76, 748, 157, 82, 1288, 187, 68, 69, 74, 64, 75, 183, 77, 160, 66, 496, 81, 66, 101, 66, 133, 66, 141, 66, 150, 115, 66, 167, 66, 129, 154, 66, 115, 66, 109, 66, 105, 66, 103, 66, 103, 66, 71, 67, 78, 74, 66, 583, 78, 66, 74, 66, 583, 1354, 1354, 66, 1078, 66, 66, 1354, 1354, 66, 1076, 66, 146, 369, 369, 66, 128, 66, 146, 369, 369, 128, 66, 1354, 73, 97, 54, 462, 97, 1354, 67, 97, 445, 97, 66, 66, 97, 66, 66, 66, 66, 97, 66, 706, 97, 66, 826, 66, 198, 933, 97, 66, 101, 66, 198, 918, 97, 66, 66, 1354, 1354, 66, 1354, 1354, 66, 1354, 584, 66, 1354, 66, 1354, 66, 1354, 66, 1354, 66, 1354, 66, 1354, 66, 1354, 66, 1354, 66, 1354, 66, 1354, 66, 1354, 66, 1354, 66, 1354, 66, 1354, 66, 1354, 66, 1354, 1330, 66, 122, 183, 600, 97, 66, 183, 578, 97, 66, 66, 66, 66, 66, 1285, 570, 75, 76, 1354, 1354, 66, 1354, 66, 1354, 66, 556, 66, 1354, 66, 534, 66, 745, 322, 83, 76, 68, 345, 346, 345, 76, 71, 67, 71, 67, 54, 66, 174, 75, 75, 183, 82, 67, 71, 67, 71, 67, 71, 70, 123, 75, 71, 67, 54, 54, 54, 54, 54, 54, 66, 66, 66, 66, 66, 54, 71, 67, 105, 90, 66, 66, 66, 66, 105, 90, 66, 66, 66, 66, 66, 66, 66, 66, 71, 67, 71, 67, 71, 67, 71, 67, 71, 67, 54, 54, 66, 66]",235413,54,1354,332.5042372881356,708,0,0.0,{},{},198,40887,22,1250,240.51176470588234,5,True,False
https://allmalaysia.info/,98446956-9306-448d-82a0-7ff19d3b5c5f,2025-04-10 11:10:07,"{'eth': 524, 'ip': 513, 'udp': 221, 'DATA': 187, 'mdns': 2, 'ipv6': 3, 'tcp': 293, 'tls': 112, 'dtls': 37, 'arp': 8, 'dhcp': 5, 'icmpv6': 2, 'ssdp': 4}",524,"[83, 73, 71, 67, 412, 432, 71, 67, 77, 66, 98, 66, 54, 94, 66, 66, 78, 74, 66, 91, 91, 91, 91, 91, 91, 91, 91, 91, 91, 91, 91, 91, 91, 91, 91, 72, 66, 66, 66, 66, 66, 66, 66, 66, 66, 66, 66, 66, 66, 66, 66, 66, 66, 1354, 1354, 323, 66, 91, 91, 80, 91, 91, 91, 91, 91, 90, 66, 137, 66, 91, 72, 66, 91, 66, 95, 141, 66, 168, 78, 1109, 75, 76, 66, 722, 267, 82, 68, 120, 75, 120, 264, 804, 97, 97, 120, 66, 78, 76, 78, 78, 71, 67, 74, 66, 91, 91, 91, 91, 91, 91, 91, 91, 91, 91, 91, 91, 91, 91, 91, 91, 73, 71, 71, 71, 174, 68, 70, 75, 75, 183, 66, 82, 68, 66, 66, 66, 66, 66, 66, 66, 66, 66, 66, 66, 66, 66, 66, 66, 66, 66, 1354, 1354, 733, 66, 66, 91, 91, 80, 91, 91, 91, 77, 91, 91, 79, 71, 70, 71, 71, 71, 71, 71, 152, 1292, 66, 66, 66, 137, 66, 1354, 1354, 1354, 1354, 1354, 66, 66, 66, 91, 72, 1354, 1354, 1354, 1354, 66, 66, 70, 72, 69, 71, 71, 1292, 76, 71, 95, 75, 71, 130, 90, 66, 42, 60, 71, 42, 342, 70, 60, 74, 42, 342, 342, 342, 342, 162, 152, 147, 147, 145, 161, 156, 172, 155, 155, 264, 256, 172, 198, 168, 177, 220, 274, 262, 300, 71, 136, 74, 152, 147, 147, 163, 221, 97, 157, 157, 151, 329, 287, 167, 79, 75, 78, 1354, 78, 71, 74, 71, 68, 494, 75, 1354, 78, 71, 71, 67, 68, 1354, 1354, 78, 78, 71, 71, 67, 68, 109, 66, 106, 66, 1354, 1354, 1354, 78, 78, 71, 71, 67, 68, 42, 1354, 1354, 1354, 78, 1354, 78, 78, 71, 71, 66, 68, 90, 66, 66, 66, 90, 54, 80, 75, 1354, 78, 1354, 1354, 1354, 78, 78, 1354, 1354, 78, 78, 42, 60, 71, 71, 67, 68, 90, 66, 66, 66, 90, 54, 71, 71, 67, 68, 1354, 1354, 78, 78, 1354, 1354, 66, 66, 1354, 1354, 1354, 1354, 1354, 66, 66, 54, 66, 71, 68, 1354, 1354, 1354, 66, 1354, 66, 66, 1354, 1354, 1354, 1354, 1354, 66, 66, 1354, 1354, 1354, 1354, 1354, 1354, 66, 66, 71, 67, 71, 68, 158, 66, 1354, 1354, 66, 66, 1354, 66, 1354, 1354, 1354, 1354, 573, 66, 66, 90, 90, 66, 66, 66, 66, 71, 68, 66, 90, 66, 54, 54, 493, 75, 71, 68, 213, 279, 71, 67, 71, 67, 931, 71, 75, 68, 76, 723, 170, 82, 68, 71, 67, 71, 67, 71, 67, 120, 122, 66, 213, 279, 71, 67, 71, 68, 1286, 1292, 1292, 1292, 585, 72, 75, 1026, 79, 1288, 1292, 1292, 696, 75, 68, 71, 67, 70, 213, 279, 71, 67, 54, 66, 71, 68, 213, 279, 103, 66, 103, 66, 1285, 794, 530, 77, 76, 722, 317, 672, 82, 198, 82, 67, 68, 71, 67, 54, 66, 90, 66, 66, 66, 90, 54, 122, 66, 1096, 75, 76, 723, 83, 320, 66, 66, 76, 68, 90, 66, 66, 66, 66, 66, 90, 54]",150360,42,1354,286.9465648854962,293,"[77, 66, 98, 66, 54, 94, 66, 66, 78, 74, 66, 91, 91, 91, 91, 91, 91, 91, 91, 91, 91, 91, 91, 91, 91, 91, 91, 72, 66, 66, 66, 66, 66, 66, 66, 66, 66, 66, 66, 66, 66, 66, 66, 66, 66, 1354, 1354, 323, 66, 91, 91, 80, 91, 91, 91, 91, 91, 90, 66, 137, 66, 91, 72, 66, 91, 66, 95, 66, 264, 804, 97, 97, 66, 78, 78, 74, 66, 91, 91, 91, 91, 91, 91, 91, 91, 91, 91, 91, 91, 91, 91, 91, 91, 73, 66, 66, 66, 66, 66, 66, 66, 66, 66, 66, 66, 66, 66, 66, 66, 66, 66, 1354, 1354, 733, 66, 66, 91, 91, 80, 91, 91, 91, 77, 91, 91, 79, 66, 66, 66, 137, 66, 1354, 1354, 1354, 1354, 1354, 66, 66, 66, 91, 72, 1354, 1354, 1354, 1354, 66, 66, 130, 90, 66, 97, 78, 1354, 78, 1354, 78, 1354, 1354, 78, 78, 109, 66, 106, 66, 1354, 1354, 1354, 78, 78, 1354, 1354, 1354, 78, 1354, 78, 78, 90, 66, 66, 66, 90, 54, 1354, 78, 1354, 1354, 1354, 78, 78, 1354, 1354, 78, 78, 90, 66, 66, 66, 90, 54, 1354, 1354, 78, 78, 1354, 1354, 66, 66, 1354, 1354, 1354, 1354, 1354, 66, 66, 54, 66, 1354, 1354, 1354, 66, 1354, 66, 66, 1354, 1354, 1354, 1354, 1354, 66, 66, 1354, 1354, 1354, 1354, 1354, 1354, 66, 66, 158, 66, 1354, 1354, 66, 66, 1354, 66, 1354, 1354, 1354, 1354, 573, 66, 66, 90, 90, 66, 66, 66, 66, 66, 90, 66, 54, 54, 120, 122, 66, 54, 66, 103, 66, 103, 66, 54, 66, 90, 66, 66, 66, 90, 54, 122, 66, 66, 66, 90, 66, 66, 66, 66, 66, 90, 54]",102837,54,1354,350.9795221843003,293,22,9,0,7.508532423208192,7e-05,1.388742,0.11067552525252526,221,221,"[83, 73, 71, 67, 412, 432, 71, 67, 141, 168, 78, 1109, 75, 76, 66, 722, 267, 82, 68, 120, 75, 120, 120, 76, 78, 71, 67, 71, 71, 71, 174, 68, 70, 75, 75, 183, 66, 82, 68, 71, 70, 71, 71, 71, 71, 71, 152, 1292, 70, 72, 69, 71, 71, 1292, 76, 71, 95, 75, 71, 71, 342, 74, 342, 342, 342, 342, 162, 152, 147, 147, 145, 161, 156, 172, 155, 155, 264, 256, 172, 198, 168, 177, 220, 274, 262, 300, 71, 136, 74, 152, 147, 147, 163, 221, 157, 157, 151, 329, 287, 167, 79, 75, 71, 74, 71, 68, 494, 75, 71, 71, 67, 68, 71, 71, 67, 68, 71, 71, 67, 68, 71, 71, 66, 68, 80, 75, 71, 71, 67, 68, 71, 71, 67, 68, 71, 68, 71, 67, 71, 68, 71, 68, 493, 75, 71, 68, 213, 279, 71, 67, 71, 67, 931, 71, 75, 68, 76, 723, 170, 82, 68, 71, 67, 71, 67, 71, 67, 213, 279, 71, 67, 71, 68, 1286, 1292, 1292, 1292, 585, 72, 75, 1026, 79, 1288, 1292, 1292, 696, 75, 68, 71, 67, 213, 279, 71, 67, 71, 68, 213, 279, 1285, 794, 530, 77, 76, 722, 317, 672, 82, 198, 82, 67, 68, 71, 67, 1096, 75, 76, 723, 83, 320, 76, 68]",46993,66,1292,212.63800904977376,0,0,0,513,"[83, 73, 71, 67, 412, 71, 67, 77, 66, 98, 66, 54, 94, 66, 66, 78, 74, 66, 91, 91, 91, 91, 91, 91, 91, 91, 91, 91, 91, 91, 91, 91, 91, 91, 72, 66, 66, 66, 66, 66, 66, 66, 66, 66, 66, 66, 66, 66, 66, 66, 66, 66, 1354, 1354, 323, 66, 91, 91, 80, 91, 91, 91, 91, 91, 90, 66, 137, 66, 91, 72, 66, 91, 66, 95, 141, 66, 168, 78, 1109, 75, 76, 66, 722, 267, 82, 68, 120, 75, 120, 264, 804, 97, 97, 120, 66, 78, 76, 78, 78, 71, 67, 74, 66, 91, 91, 91, 91, 91, 91, 91, 91, 91, 91, 91, 91, 91, 91, 91, 91, 73, 71, 71, 71, 174, 68, 70, 75, 75, 183, 66, 82, 68, 66, 66, 66, 66, 66, 66, 66, 66, 66, 66, 66, 66, 66, 66, 66, 66, 66, 1354, 1354, 733, 66, 66, 91, 91, 80, 91, 91, 91, 77, 91, 91, 79, 71, 70, 71, 71, 71, 71, 71, 152, 1292, 66, 66, 66, 137, 66, 1354, 1354, 1354, 1354, 1354, 66, 66, 66, 91, 72, 1354, 1354, 1354, 1354, 66, 66, 70, 72, 69, 71, 71, 1292, 76, 71, 95, 75, 71, 130, 90, 66, 71, 342, 74, 342, 342, 342, 342, 162, 152, 147, 147, 145, 161, 156, 172, 155, 155, 264, 256, 172, 198, 168, 177, 220, 274, 262, 300, 71, 136, 74, 152, 147, 147, 163, 221, 97, 157, 157, 151, 329, 287, 167, 79, 75, 78, 1354, 78, 71, 74, 71, 68, 494, 75, 1354, 78, 71, 71, 67, 68, 1354, 1354, 78, 78, 71, 71, 67, 68, 109, 66, 106, 66, 1354, 1354, 1354, 78, 78, 71, 71, 67, 68, 1354, 1354, 1354, 78, 1354, 78, 78, 71, 71, 66, 68, 90, 66, 66, 66, 90, 54, 80, 75, 1354, 78, 1354, 1354, 1354, 78, 78, 1354, 1354, 78, 78, 71, 71, 67, 68, 90, 66, 66, 66, 90, 54, 71, 71, 67, 68, 1354, 1354, 78, 78, 1354, 1354, 66, 66, 1354, 1354, 1354, 1354, 1354, 66, 66, 54, 66, 71, 68, 1354, 1354, 1354, 66, 1354, 66, 66, 1354, 1354, 1354, 1354, 1354, 66, 66, 1354, 1354, 1354, 1354, 1354, 1354, 66, 66, 71, 67, 71, 68, 158, 66, 1354, 1354, 66, 66, 1354, 66, 1354, 1354, 1354, 1354, 573, 66, 66, 90, 90, 66, 66, 66, 66, 71, 68, 66, 90, 66, 54, 54, 493, 75, 71, 68, 213, 279, 71, 67, 71, 67, 931, 71, 75, 68, 76, 723, 170, 82, 68, 71, 67, 71, 67, 71, 67, 120, 122, 66, 213, 279, 71, 67, 71, 68, 1286, 1292, 1292, 1292, 585, 72, 75, 1026, 79, 1288, 1292, 1292, 696, 75, 68, 71, 67, 213, 279, 71, 67, 54, 66, 71, 68, 213, 279, 103, 66, 103, 66, 1285, 794, 530, 77, 76, 722, 317, 672, 82, 198, 82, 67, 68, 71, 67, 54, 66, 90, 66, 66, 66, 90, 54, 122, 66, 1096, 75, 76, 723, 83, 320, 66, 66, 76, 68, 90, 66, 66, 66, 66, 66, 90, 54]",149398,54,1354,291.224171539961,513,0,0.0,{},{},187,31583,11,1288,179.44886363636363,5,True,False
https://allmalaysia.info/,5c31a4a4-8715-4594-9626-0d0b958fd6c2,2025-04-10 11:10:22,"{'eth': 615, 'ip': 615, 'udp': 211, 'DATA': 134, 'tcp': 404, 'tls': 111, 'dtls': 4, 'quic': 91}",615,"[158, 159, 1285, 156, 66, 66, 75, 76, 78, 75, 203, 66, 150, 85, 68, 722, 179, 82, 68, 90, 66, 66, 71, 90, 67, 54, 1354, 1354, 1354, 1354, 80, 66, 66, 120, 66, 122, 66, 120, 75, 71, 67, 78, 74, 66, 91, 91, 91, 91, 91, 91, 91, 91, 91, 91, 91, 91, 91, 91, 91, 91, 72, 66, 66, 66, 66, 66, 66, 66, 66, 66, 66, 66, 66, 66, 66, 66, 66, 66, 1354, 1354, 323, 66, 72, 91, 91, 91, 91, 91, 85, 91, 91, 79, 66, 137, 66, 91, 72, 66, 71, 67, 71, 67, 71, 121, 75, 67, 1287, 767, 555, 78, 76, 145, 355, 78, 74, 66, 1354, 874, 66, 165, 66, 976, 347, 66, 140, 158, 501, 128, 66, 97, 66, 97, 66, 443, 66, 101, 726, 76, 82, 68, 71, 68, 679, 286, 82, 68, 66, 264, 804, 97, 66, 71, 67, 78, 71, 67, 74, 66, 91, 91, 91, 91, 91, 91, 91, 91, 91, 91, 91, 91, 91, 91, 91, 91, 73, 157, 66, 98, 66, 71, 67, 90, 66, 94, 66, 66, 66, 66, 66, 66, 66, 66, 66, 66, 66, 66, 66, 66, 66, 66, 66, 66, 1354, 1354, 733, 66, 66, 91, 91, 80, 91, 91, 91, 91, 91, 90, 71, 67, 66, 66, 66, 137, 66, 66, 91, 72, 1354, 1354, 1354, 1354, 1354, 1354, 1354, 1354, 1354, 66, 66, 103, 66, 103, 66, 71, 67, 1287, 450, 75, 76, 1354, 1354, 66, 66, 66, 1354, 1354, 1354, 66, 66, 1354, 1354, 1354, 1354, 1354, 1354, 1354, 1354, 1354, 1354, 1354, 1354, 1354, 1354, 1354, 66, 66, 66, 732, 83, 125, 76, 68, 83, 71, 67, 73, 90, 66, 66, 66, 90, 54, 1354, 1354, 1354, 1354, 66, 66, 1354, 1354, 1354, 1354, 1354, 1354, 66, 66, 1354, 1354, 1354, 1354, 1354, 1354, 1354, 1354, 1354, 1354, 1354, 1354, 1354, 1354, 1354, 1354, 1354, 1354, 573, 66, 66, 66, 90, 66, 90, 66, 66, 66, 66, 83, 73, 90, 66, 54, 54, 71, 67, 54, 66, 71, 67, 54, 54, 54, 66, 66, 66, 54, 66, 90, 66, 66, 66, 66, 66, 54, 54, 66, 66, 120, 75, 54, 54, 66, 66, 71, 67, 71, 67, 71, 67, 54, 71, 67, 71, 67, 54, 66, 71, 67, 158, 159, 78, 75, 204, 66, 151, 66, 85, 68, 71, 67, 494, 75, 54, 66, 71, 54, 67, 66, 155, 171, 71, 66, 66, 67, 1292, 1292, 1292, 120, 429, 82, 82, 1292, 1292, 1292, 343, 991, 74, 66, 120, 73, 162, 64, 73, 1288, 1292, 583, 77, 73, 1287, 1292, 1292, 1292, 1292, 1292, 73, 73, 73, 1292, 1292, 1292, 1292, 1292, 1292, 1292, 498, 67, 1285, 1292, 1292, 1292, 1292, 1292, 1292, 1292, 1292, 1292, 1292, 73, 73, 1292, 1292, 524, 73, 73, 73, 73, 73, 73, 73, 73, 73, 1285, 1292, 1292, 73, 1292, 1292, 1292, 1292, 1292, 1292, 1292, 1292, 1175, 73, 73, 73, 78, 73, 66, 71, 67, 71, 67, 67, 66, 66, 66, 66, 66, 66, 66, 66, 66, 66, 66, 66, 66, 66, 66, 66, 66, 66, 66, 66, 66, 66, 54, 66, 54, 54, 66, 66, 66, 66, 90, 90, 90, 66, 66, 66, 54, 54, 54, 54, 54, 54, 66, 90, 66, 66, 66, 66, 66, 90, 66, 66, 66, 66, 66, 66, 66, 90, 66, 66, 66, 66, 90, 66, 54, 54, 54, 54, 66, 66, 66, 66, 66, 66, 66, 54, 54, 54, 54, 66, 66, 66, 66, 66, 66, 66, 66, 66, 66, 66, 71, 66, 66, 66, 97, 66, 90, 66, 54, 54, 54, 54, 97, 66, 54, 54, 67, 74, 71, 67, 71, 67, 71, 67]",203505,54,1354,330.9024390243902,404,"[66, 66, 90, 66, 66, 90, 54, 1354, 1354, 1354, 1354, 80, 66, 66, 120, 66, 122, 66, 78, 74, 66, 91, 91, 91, 91, 91, 91, 91, 91, 91, 91, 91, 91, 91, 91, 91, 91, 72, 66, 66, 66, 66, 66, 66, 66, 66, 66, 66, 66, 66, 66, 66, 66, 66, 66, 1354, 1354, 323, 66, 72, 91, 91, 91, 91, 91, 85, 91, 91, 79, 66, 137, 66, 91, 72, 66, 78, 74, 66, 1354, 874, 66, 165, 66, 976, 347, 66, 140, 158, 501, 128, 66, 97, 66, 97, 66, 443, 66, 101, 66, 264, 804, 97, 66, 78, 74, 66, 91, 91, 91, 91, 91, 91, 91, 91, 91, 91, 91, 91, 91, 91, 91, 91, 73, 157, 66, 98, 66, 90, 66, 94, 66, 66, 66, 66, 66, 66, 66, 66, 66, 66, 66, 66, 66, 66, 66, 66, 66, 66, 1354, 1354, 733, 66, 66, 91, 91, 80, 91, 91, 91, 91, 91, 90, 66, 66, 66, 137, 66, 66, 91, 72, 1354, 1354, 1354, 1354, 1354, 1354, 1354, 1354, 1354, 66, 66, 103, 66, 103, 66, 1354, 1354, 66, 66, 66, 1354, 1354, 1354, 66, 66, 1354, 1354, 1354, 1354, 1354, 1354, 1354, 1354, 1354, 1354, 1354, 1354, 1354, 1354, 1354, 66, 66, 66, 90, 66, 66, 66, 90, 54, 1354, 1354, 1354, 1354, 66, 66, 1354, 1354, 1354, 1354, 1354, 1354, 66, 66, 1354, 1354, 1354, 1354, 1354, 1354, 1354, 1354, 1354, 1354, 1354, 1354, 1354, 1354, 1354, 1354, 1354, 1354, 573, 66, 66, 66, 90, 66, 90, 66, 66, 66, 66, 90, 66, 54, 54, 54, 66, 54, 54, 54, 66, 66, 66, 54, 66, 90, 66, 66, 66, 66, 66, 54, 54, 66, 66, 54, 54, 66, 66, 54, 54, 66, 54, 66, 54, 66, 66, 66, 66, 66, 66, 66, 66, 66, 66, 66, 66, 66, 66, 66, 66, 66, 66, 66, 66, 66, 66, 66, 66, 66, 54, 66, 54, 54, 66, 66, 66, 66, 90, 90, 90, 66, 66, 66, 54, 54, 54, 54, 54, 54, 66, 90, 66, 66, 66, 66, 66, 90, 66, 66, 66, 66, 66, 66, 66, 90, 66, 66, 66, 66, 90, 66, 54, 54, 54, 54, 66, 66, 66, 66, 66, 66, 66, 54, 54, 54, 54, 66, 66, 66, 66, 66, 66, 66, 66, 66, 66, 66, 66, 66, 66, 97, 66, 90, 66, 54, 54, 54, 54, 97, 66, 54, 54]",119147,54,1354,294.91831683168317,404,1,2,0,0.24752475247524752,7.2e-05,0.239039,0.048745137404580155,211,211,"[158, 159, 1285, 156, 75, 76, 78, 75, 203, 66, 150, 85, 68, 722, 179, 82, 68, 71, 67, 120, 75, 71, 67, 71, 67, 71, 67, 71, 121, 75, 67, 1287, 767, 555, 78, 76, 145, 355, 726, 76, 82, 68, 71, 68, 679, 286, 82, 68, 71, 67, 71, 67, 71, 67, 71, 67, 71, 67, 1287, 450, 75, 76, 732, 83, 125, 76, 68, 83, 71, 67, 73, 83, 73, 71, 67, 71, 67, 120, 75, 71, 67, 71, 67, 71, 67, 71, 67, 71, 67, 71, 67, 158, 159, 78, 75, 204, 66, 151, 66, 85, 68, 71, 67, 494, 75, 71, 67, 155, 171, 71, 67, 1292, 1292, 1292, 120, 429, 82, 82, 1292, 1292, 1292, 343, 991, 74, 66, 120, 73, 162, 64, 73, 1288, 1292, 583, 77, 73, 1287, 1292, 1292, 1292, 1292, 1292, 73, 73, 73, 1292, 1292, 1292, 1292, 1292, 1292, 1292, 498, 67, 1285, 1292, 1292, 1292, 1292, 1292, 1292, 1292, 1292, 1292, 1292, 73, 73, 1292, 1292, 524, 73, 73, 73, 73, 73, 73, 73, 73, 73, 1285, 1292, 1292, 73, 1292, 1292, 1292, 1292, 1292, 1292, 1292, 1292, 1175, 73, 73, 73, 78, 73, 66, 71, 67, 71, 67, 67, 71, 67, 74, 71, 67, 71, 67, 71, 67]",84358,64,1292,399.8009478672986,0,0,0,615,"[158, 159, 1285, 156, 66, 66, 75, 76, 78, 75, 203, 66, 150, 85, 68, 722, 179, 82, 68, 90, 66, 66, 71, 90, 67, 54, 1354, 1354, 1354, 1354, 80, 66, 66, 120, 66, 122, 66, 120, 75, 71, 67, 78, 74, 66, 91, 91, 91, 91, 91, 91, 91, 91, 91, 91, 91, 91, 91, 91, 91, 91, 72, 66, 66, 66, 66, 66, 66, 66, 66, 66, 66, 66, 66, 66, 66, 66, 66, 66, 1354, 1354, 323, 66, 72, 91, 91, 91, 91, 91, 85, 91, 91, 79, 66, 137, 66, 91, 72, 66, 71, 67, 71, 67, 71, 121, 75, 67, 1287, 767, 555, 78, 76, 145, 355, 78, 74, 66, 1354, 874, 66, 165, 66, 976, 347, 66, 140, 158, 501, 128, 66, 97, 66, 97, 66, 443, 66, 101, 726, 76, 82, 68, 71, 68, 679, 286, 82, 68, 66, 264, 804, 97, 66, 71, 67, 78, 71, 67, 74, 66, 91, 91, 91, 91, 91, 91, 91, 91, 91, 91, 91, 91, 91, 91, 91, 91, 73, 157, 66, 98, 66, 71, 67, 90, 66, 94, 66, 66, 66, 66, 66, 66, 66, 66, 66, 66, 66, 66, 66, 66, 66, 66, 66, 66, 1354, 1354, 733, 66, 66, 91, 91, 80, 91, 91, 91, 91, 91, 90, 71, 67, 66, 66, 66, 137, 66, 66, 91, 72, 1354, 1354, 1354, 1354, 1354, 1354, 1354, 1354, 1354, 66, 66, 103, 66, 103, 66, 71, 67, 1287, 450, 75, 76, 1354, 1354, 66, 66, 66, 1354, 1354, 1354, 66, 66, 1354, 1354, 1354, 1354, 1354, 1354, 1354, 1354, 1354, 1354, 1354, 1354, 1354, 1354, 1354, 66, 66, 66, 732, 83, 125, 76, 68, 83, 71, 67, 73, 90, 66, 66, 66, 90, 54, 1354, 1354, 1354, 1354, 66, 66, 1354, 1354, 1354, 1354, 1354, 1354, 66, 66, 1354, 1354, 1354, 1354, 1354, 1354, 1354, 1354, 1354, 1354, 1354, 1354, 1354, 1354, 1354, 1354, 1354, 1354, 573, 66, 66, 66, 90, 66, 90, 66, 66, 66, 66, 83, 73, 90, 66, 54, 54, 71, 67, 54, 66, 71, 67, 54, 54, 54, 66, 66, 66, 54, 66, 90, 66, 66, 66, 66, 66, 54, 54, 66, 66, 120, 75, 54, 54, 66, 66, 71, 67, 71, 67, 71, 67, 54, 71, 67, 71, 67, 54, 66, 71, 67, 158, 159, 78, 75, 204, 66, 151, 66, 85, 68, 71, 67, 494, 75, 54, 66, 71, 54, 67, 66, 155, 171, 71, 66, 66, 67, 1292, 1292, 1292, 120, 429, 82, 82, 1292, 1292, 1292, 343, 991, 74, 66, 120, 73, 162, 64, 73, 1288, 1292, 583, 77, 73, 1287, 1292, 1292, 1292, 1292, 1292, 73, 73, 73, 1292, 1292, 1292, 1292, 1292, 1292, 1292, 498, 67, 1285, 1292, 1292, 1292, 1292, 1292, 1292, 1292, 1292, 1292, 1292, 73, 73, 1292, 1292, 524, 73, 73, 73, 73, 73, 73, 73, 73, 73, 1285, 1292, 1292, 73, 1292, 1292, 1292, 1292, 1292, 1292, 1292, 1292, 1175, 73, 73, 73, 78, 73, 66, 71, 67, 71, 67, 67, 66, 66, 66, 66, 66, 66, 66, 66, 66, 66, 66, 66, 66, 66, 66, 66, 66, 66, 66, 66, 66, 66, 54, 66, 54, 54, 66, 66, 66, 66, 90, 90, 90, 66, 66, 66, 54, 54, 54, 54, 54, 54, 66, 90, 66, 66, 66, 66, 66, 90, 66, 66, 66, 66, 66, 66, 66, 90, 66, 66, 66, 66, 90, 66, 54, 54, 54, 54, 66, 66, 66, 66, 66, 66, 66, 54, 54, 54, 54, 66, 66, 66, 66, 66, 66, 66, 66, 66, 66, 66, 71, 66, 66, 66, 97, 66, 90, 66, 54, 54, 54, 54, 97, 66, 54, 54, 67, 74, 71, 67, 71, 67, 71, 67]",203505,54,1354,330.9024390243902,615,0,0.0,{},{},134,13015,24,1245,111.23931623931624,5,True,False
https://allmalaysia.info/,2c26046c-78a3-49de-854b-3f1d2d53b183,2025-04-10 11:10:36,"{'eth': 503, 'ip': 503, 'tcp': 256, 'tls': 94, 'udp': 247, 'DATA': 107, 'quic': 154, 'dtls': 7}",503,"[98, 66, 94, 66, 71, 68, 1292, 1292, 119, 607, 141, 82, 1292, 157, 1292, 336, 120, 986, 67, 64, 73, 162, 73, 570, 64, 77, 67, 79, 75, 71, 68, 71, 68, 71, 68, 78, 74, 66, 91, 91, 91, 91, 91, 91, 91, 91, 91, 91, 91, 91, 91, 91, 91, 91, 72, 66, 66, 66, 66, 66, 66, 66, 66, 66, 66, 66, 66, 66, 66, 66, 66, 66, 1354, 1354, 322, 66, 72, 91, 91, 91, 91, 91, 85, 91, 91, 79, 66, 137, 66, 91, 72, 66, 71, 68, 123, 75, 152, 71, 68, 71, 67, 71, 68, 71, 67, 71, 67, 264, 804, 97, 66, 78, 71, 68, 71, 67, 74, 66, 91, 91, 91, 91, 91, 91, 91, 91, 91, 91, 91, 91, 91, 91, 91, 91, 73, 71, 67, 66, 66, 66, 66, 66, 66, 66, 66, 66, 66, 66, 66, 66, 66, 66, 66, 66, 1354, 1354, 733, 66, 66, 91, 91, 80, 91, 91, 91, 91, 91, 90, 71, 67, 66, 66, 66, 137, 66, 91, 72, 66, 1354, 66, 1354, 66, 1354, 66, 1354, 1354, 1354, 1354, 1354, 1354, 66, 66, 141, 71, 1354, 1354, 66, 1354, 1354, 1354, 66, 66, 66, 1354, 1354, 1354, 66, 66, 1354, 1354, 1354, 1354, 1354, 1354, 1354, 1354, 1354, 1354, 1354, 1354, 66, 66, 157, 68, 1292, 1292, 124, 82, 1292, 1292, 341, 672, 120, 73, 1288, 1292, 1288, 1292, 1292, 787, 169, 67, 67, 71, 67, 74, 71, 67, 66, 885, 300, 77, 66, 1354, 1354, 1354, 1354, 66, 66, 1354, 1354, 1354, 1354, 66, 66, 1354, 1354, 1354, 1354, 1354, 1354, 1354, 1354, 1354, 1354, 1354, 1354, 1354, 1354, 1354, 1354, 1354, 1354, 1354, 1354, 573, 66, 66, 66, 90, 66, 90, 66, 66, 66, 66, 79, 75, 90, 66, 66, 54, 54, 54, 71, 68, 71, 68, 71, 67, 71, 68, 109, 750, 66, 106, 66, 70, 74, 716, 274, 77, 66, 71, 68, 71, 68, 71, 68, 71, 68, 78, 1233, 74, 66, 1288, 1292, 1292, 733, 1354, 801, 1288, 1292, 1292, 698, 70, 65, 66, 1288, 493, 300, 66, 69, 65, 130, 158, 523, 1354, 1354, 1354, 1354, 1354, 1354, 1354, 589, 69, 73, 66, 66, 66, 245, 137, 66, 97, 995, 1292, 1292, 122, 1004, 152, 82, 1292, 69, 168, 1292, 1292, 121, 1292, 339, 995, 78, 120, 73, 1288, 1288, 1292, 542, 82, 1292, 168, 67, 71, 67, 73, 1292, 350, 984, 123, 120, 73, 168, 73, 70, 73, 843, 66, 97, 66, 1288, 68, 220, 77, 66, 73, 735, 286, 77, 672, 665, 78, 111, 145, 73, 671, 145, 77, 666, 673, 78, 137, 87, 73, 66, 71, 67, 120, 122, 66, 71, 68, 121, 75, 71, 67, 71, 67, 1288, 1292, 1292, 1292, 1292, 582, 69, 65, 65, 74, 64, 75, 718, 79, 89, 75, 66, 71, 67, 71, 68, 71, 67, 71, 121, 75, 67, 71, 67, 71, 103, 67, 66, 103, 66, 71, 67, 83, 73, 71, 67, 83, 73, 71, 67, 71, 67]",196845,54,1354,391.3419483101392,256,"[98, 66, 94, 66, 78, 74, 66, 91, 91, 91, 91, 91, 91, 91, 91, 91, 91, 91, 91, 91, 91, 91, 91, 72, 66, 66, 66, 66, 66, 66, 66, 66, 66, 66, 66, 66, 66, 66, 66, 66, 66, 1354, 1354, 322, 66, 72, 91, 91, 91, 91, 91, 85, 91, 91, 79, 66, 137, 66, 91, 72, 66, 264, 804, 97, 66, 78, 74, 66, 91, 91, 91, 91, 91, 91, 91, 91, 91, 91, 91, 91, 91, 91, 91, 91, 73, 66, 66, 66, 66, 66, 66, 66, 66, 66, 66, 66, 66, 66, 66, 66, 66, 66, 1354, 1354, 733, 66, 66, 91, 91, 80, 91, 91, 91, 91, 91, 90, 66, 66, 66, 137, 66, 91, 72, 66, 1354, 66, 1354, 66, 1354, 66, 1354, 1354, 1354, 1354, 1354, 1354, 66, 66, 1354, 1354, 66, 1354, 1354, 1354, 66, 66, 66, 1354, 1354, 1354, 66, 66, 1354, 1354, 1354, 1354, 1354, 1354, 1354, 1354, 1354, 1354, 1354, 1354, 66, 66, 1354, 1354, 1354, 1354, 66, 66, 1354, 1354, 1354, 1354, 66, 66, 1354, 1354, 1354, 1354, 1354, 1354, 1354, 1354, 1354, 1354, 1354, 1354, 1354, 1354, 1354, 1354, 1354, 1354, 1354, 1354, 573, 66, 66, 66, 90, 66, 90, 66, 66, 66, 66, 90, 66, 66, 54, 54, 54, 109, 66, 106, 66, 78, 74, 66, 1354, 801, 66, 300, 66, 130, 158, 523, 1354, 1354, 1354, 1354, 1354, 1354, 1354, 589, 66, 66, 66, 245, 137, 66, 97, 843, 66, 97, 66, 120, 122, 66, 103, 66, 103, 66]",113225,54,1354,442.28515625,256,1,0,0,0.390625,6.7e-05,0.267705,0.07265544827586208,247,247,"[71, 68, 1292, 1292, 119, 607, 141, 82, 1292, 157, 1292, 336, 120, 986, 67, 64, 73, 162, 73, 570, 64, 77, 67, 79, 75, 71, 68, 71, 68, 71, 68, 71, 68, 123, 75, 152, 71, 68, 71, 67, 71, 68, 71, 67, 71, 67, 71, 68, 71, 67, 71, 67, 71, 67, 141, 71, 157, 68, 1292, 1292, 124, 82, 1292, 1292, 341, 672, 120, 73, 1288, 1292, 1288, 1292, 1292, 787, 169, 67, 67, 71, 67, 74, 71, 67, 66, 885, 300, 77, 66, 79, 75, 71, 68, 71, 68, 71, 67, 71, 68, 750, 70, 74, 716, 274, 77, 66, 71, 68, 71, 68, 71, 68, 71, 68, 1233, 1288, 1292, 1292, 733, 1288, 1292, 1292, 698, 70, 65, 1288, 493, 69, 65, 69, 73, 995, 1292, 1292, 122, 1004, 152, 82, 1292, 69, 168, 1292, 1292, 121, 1292, 339, 995, 78, 120, 73, 1288, 1288, 1292, 542, 82, 1292, 168, 67, 71, 67, 73, 1292, 350, 984, 123, 120, 73, 168, 73, 70, 73, 1288, 68, 220, 77, 66, 73, 735, 286, 77, 672, 665, 78, 111, 145, 73, 671, 145, 77, 666, 673, 78, 137, 87, 73, 66, 71, 67, 71, 68, 121, 75, 71, 67, 71, 67, 1288, 1292, 1292, 1292, 1292, 582, 69, 65, 65, 74, 64, 75, 718, 79, 89, 75, 66, 71, 67, 71, 68, 71, 67, 71, 121, 75, 67, 71, 67, 71, 67, 71, 67, 83, 73, 71, 67, 83, 73, 71, 67, 71, 67]",83620,64,1292,338.5425101214575,0,0,0,503,"[98, 66, 94, 66, 71, 68, 1292, 1292, 119, 607, 141, 82, 1292, 157, 1292, 336, 120, 986, 67, 64, 73, 162, 73, 570, 64, 77, 67, 79, 75, 71, 68, 71, 68, 71, 68, 78, 74, 66, 91, 91, 91, 91, 91, 91, 91, 91, 91, 91, 91, 91, 91, 91, 91, 91, 72, 66, 66, 66, 66, 66, 66, 66, 66, 66, 66, 66, 66, 66, 66, 66, 66, 66, 1354, 1354, 322, 66, 72, 91, 91, 91, 91, 91, 85, 91, 91, 79, 66, 137, 66, 91, 72, 66, 71, 68, 123, 75, 152, 71, 68, 71, 67, 71, 68, 71, 67, 71, 67, 264, 804, 97, 66, 78, 71, 68, 71, 67, 74, 66, 91, 91, 91, 91, 91, 91, 91, 91, 91, 91, 91, 91, 91, 91, 91, 91, 73, 71, 67, 66, 66, 66, 66, 66, 66, 66, 66, 66, 66, 66, 66, 66, 66, 66, 66, 66, 1354, 1354, 733, 66, 66, 91, 91, 80, 91, 91, 91, 91, 91, 90, 71, 67, 66, 66, 66, 137, 66, 91, 72, 66, 1354, 66, 1354, 66, 1354, 66, 1354, 1354, 1354, 1354, 1354, 1354, 66, 66, 141, 71, 1354, 1354, 66, 1354, 1354, 1354, 66, 66, 66, 1354, 1354, 1354, 66, 66, 1354, 1354, 1354, 1354, 1354, 1354, 1354, 1354, 1354, 1354, 1354, 1354, 66, 66, 157, 68, 1292, 1292, 124, 82, 1292, 1292, 341, 672, 120, 73, 1288, 1292, 1288, 1292, 1292, 787, 169, 67, 67, 71, 67, 74, 71, 67, 66, 885, 300, 77, 66, 1354, 1354, 1354, 1354, 66, 66, 1354, 1354, 1354, 1354, 66, 66, 1354, 1354, 1354, 1354, 1354, 1354, 1354, 1354, 1354, 1354, 1354, 1354, 1354, 1354, 1354, 1354, 1354, 1354, 1354, 1354, 573, 66, 66, 66, 90, 66, 90, 66, 66, 66, 66, 79, 75, 90, 66, 66, 54, 54, 54, 71, 68, 71, 68, 71, 67, 71, 68, 109, 750, 66, 106, 66, 70, 74, 716, 274, 77, 66, 71, 68, 71, 68, 71, 68, 71, 68, 78, 1233, 74, 66, 1288, 1292, 1292, 733, 1354, 801, 1288, 1292, 1292, 698, 70, 65, 66, 1288, 493, 300, 66, 69, 65, 130, 158, 523, 1354, 1354, 1354, 1354, 1354, 1354, 1354, 589, 69, 73, 66, 66, 66, 245, 137, 66, 97, 995, 1292, 1292, 122, 1004, 152, 82, 1292, 69, 168, 1292, 1292, 121, 1292, 339, 995, 78, 120, 73, 1288, 1288, 1292, 542, 82, 1292, 168, 67, 71, 67, 73, 1292, 350, 984, 123, 120, 73, 168, 73, 70, 73, 843, 66, 97, 66, 1288, 68, 220, 77, 66, 73, 735, 286, 77, 672, 665, 78, 111, 145, 73, 671, 145, 77, 666, 673, 78, 137, 87, 73, 66, 71, 67, 120, 122, 66, 71, 68, 121, 75, 71, 67, 71, 67, 1288, 1292, 1292, 1292, 1292, 582, 69, 65, 65, 74, 64, 75, 718, 79, 89, 75, 66, 71, 67, 71, 68, 71, 67, 71, 121, 75, 67, 71, 67, 71, 103, 67, 66, 103, 66, 71, 67, 83, 73, 71, 67, 83, 73, 71, 67, 71, 67]",196845,54,1354,391.3419483101392,503,0,0.0,{},{},107,2692,25,81,29.91111111111111,5,True,False
https://allmalaysia.info/,ca7afd2a-36a6-4b27-96a3-c324685954a7,2025-04-10 11:10:50,"{'eth': 341, 'ip': 341, 'tcp': 255, 'udp': 86, 'DATA': 77, 'tls': 89, 'dtls': 4, 'quic': 24}",341,"[78, 71, 68, 71, 68, 908, 128, 66, 71, 68, 54, 66, 78, 80, 80, 167, 494, 75, 340, 78, 78, 74, 66, 91, 91, 91, 91, 91, 91, 91, 91, 91, 91, 91, 91, 91, 91, 91, 91, 72, 66, 66, 66, 66, 66, 66, 66, 66, 66, 66, 66, 66, 66, 66, 66, 66, 66, 1354, 1354, 323, 66, 91, 91, 80, 91, 91, 91, 91, 91, 90, 66, 137, 66, 91, 72, 66, 71, 68, 74, 66, 583, 120, 122, 66, 165, 66, 417, 1354, 1354, 1354, 610, 66, 66, 786, 71, 68, 169, 66, 415, 93, 66, 66, 90, 66, 90, 66, 66, 90, 54, 66, 71, 68, 145, 1058, 828, 71, 70, 157, 64, 77, 74, 74, 66, 714, 120, 77, 667, 216, 77, 65, 71, 68, 66, 66, 264, 804, 97, 66, 78, 71, 68, 74, 66, 91, 91, 91, 91, 91, 91, 91, 91, 91, 91, 91, 91, 91, 91, 91, 91, 73, 71, 68, 66, 66, 66, 66, 66, 66, 66, 66, 66, 66, 66, 66, 66, 66, 66, 66, 66, 1354, 1354, 733, 66, 66, 91, 91, 80, 91, 91, 91, 91, 91, 90, 140, 71, 68, 168, 64, 77, 71, 68, 66, 66, 66, 66, 137, 66, 66, 91, 72, 1354, 1354, 66, 66, 1354, 1354, 1354, 66, 66, 1354, 1354, 1354, 1354, 66, 66, 1354, 1354, 66, 1354, 1354, 1354, 1354, 1354, 1354, 1354, 1354, 1354, 1354, 1354, 1354, 1354, 1354, 1354, 1354, 1354, 1354, 66, 66, 66, 1354, 1354, 1354, 1354, 1354, 1354, 1354, 1354, 1354, 1354, 1354, 1354, 66, 66, 66, 1354, 1354, 1354, 1354, 1354, 1354, 1354, 1354, 1354, 1354, 1354, 1354, 66, 66, 66, 66, 1354, 1354, 1354, 573, 1354, 66, 78, 78, 66, 90, 90, 66, 66, 66, 66, 66, 71, 68, 90, 66, 54, 54, 66, 54, 1292, 1292, 82, 1292, 1292, 209, 1171, 1288, 396, 560, 163, 73, 70, 74, 1288, 128, 580, 289, 77, 77, 65, 103, 66, 103, 66, 71, 68, 124, 75, 71, 68, 71, 68, 71, 68, 71, 68]",127784,54,1354,374.73313782991204,255,"[78, 908, 128, 66, 54, 66, 78, 78, 78, 74, 66, 91, 91, 91, 91, 91, 91, 91, 91, 91, 91, 91, 91, 91, 91, 91, 91, 72, 66, 66, 66, 66, 66, 66, 66, 66, 66, 66, 66, 66, 66, 66, 66, 66, 66, 1354, 1354, 323, 66, 91, 91, 80, 91, 91, 91, 91, 91, 90, 66, 137, 66, 91, 72, 66, 74, 66, 583, 120, 122, 66, 165, 66, 417, 1354, 1354, 1354, 610, 66, 66, 786, 169, 66, 415, 93, 66, 66, 90, 66, 90, 66, 66, 90, 54, 66, 66, 66, 264, 804, 97, 66, 78, 74, 66, 91, 91, 91, 91, 91, 91, 91, 91, 91, 91, 91, 91, 91, 91, 91, 91, 73, 66, 66, 66, 66, 66, 66, 66, 66, 66, 66, 66, 66, 66, 66, 66, 66, 66, 1354, 1354, 733, 66, 66, 91, 91, 80, 91, 91, 91, 91, 91, 90, 66, 66, 66, 137, 66, 66, 91, 72, 1354, 1354, 66, 66, 1354, 1354, 1354, 66, 66, 1354, 1354, 1354, 1354, 66, 66, 1354, 1354, 66, 1354, 1354, 1354, 1354, 1354, 1354, 1354, 1354, 1354, 1354, 1354, 1354, 1354, 1354, 1354, 1354, 1354, 1354, 66, 66, 66, 1354, 1354, 1354, 1354, 1354, 1354, 1354, 1354, 1354, 1354, 1354, 1354, 66, 66, 66, 1354, 1354, 1354, 1354, 1354, 1354, 1354, 1354, 1354, 1354, 1354, 1354, 66, 66, 66, 66, 1354, 1354, 1354, 573, 1354, 66, 78, 78, 66, 90, 90, 66, 66, 66, 66, 66, 90, 66, 54, 54, 66, 54, 103, 66, 103, 66]",107093,54,1354,419.97254901960787,255,2,2,0,0.7843137254901961,5.9e-05,0.297718,0.08217975862068966,86,86,"[71, 68, 71, 68, 71, 68, 80, 80, 167, 494, 75, 340, 71, 68, 71, 68, 71, 68, 145, 1058, 828, 71, 70, 157, 64, 77, 74, 74, 66, 714, 120, 77, 667, 216, 77, 65, 71, 68, 71, 68, 71, 68, 140, 71, 68, 168, 64, 77, 71, 68, 66, 71, 68, 1292, 1292, 82, 1292, 1292, 209, 1171, 1288, 396, 560, 163, 73, 70, 74, 1288, 128, 580, 289, 77, 77, 65, 71, 68, 124, 75, 71, 68, 71, 68, 71, 68, 71, 68]",20691,64,1292,240.59302325581396,0,0,0,341,"[78, 71, 68, 71, 68, 908, 128, 66, 71, 68, 54, 66, 78, 80, 80, 167, 494, 75, 340, 78, 78, 74, 66, 91, 91, 91, 91, 91, 91, 91, 91, 91, 91, 91, 91, 91, 91, 91, 91, 72, 66, 66, 66, 66, 66, 66, 66, 66, 66, 66, 66, 66, 66, 66, 66, 66, 66, 1354, 1354, 323, 66, 91, 91, 80, 91, 91, 91, 91, 91, 90, 66, 137, 66, 91, 72, 66, 71, 68, 74, 66, 583, 120, 122, 66, 165, 66, 417, 1354, 1354, 1354, 610, 66, 66, 786, 71, 68, 169, 66, 415, 93, 66, 66, 90, 66, 90, 66, 66, 90, 54, 66, 71, 68, 145, 1058, 828, 71, 70, 157, 64, 77, 74, 74, 66, 714, 120, 77, 667, 216, 77, 65, 71, 68, 66, 66, 264, 804, 97, 66, 78, 71, 68, 74, 66, 91, 91, 91, 91, 91, 91, 91, 91, 91, 91, 91, 91, 91, 91, 91, 91, 73, 71, 68, 66, 66, 66, 66, 66, 66, 66, 66, 66, 66, 66, 66, 66, 66, 66, 66, 66, 1354, 1354, 733, 66, 66, 91, 91, 80, 91, 91, 91, 91, 91, 90, 140, 71, 68, 168, 64, 77, 71, 68, 66, 66, 66, 66, 137, 66, 66, 91, 72, 1354, 1354, 66, 66, 1354, 1354, 1354, 66, 66, 1354, 1354, 1354, 1354, 66, 66, 1354, 1354, 66, 1354, 1354, 1354, 1354, 1354, 1354, 1354, 1354, 1354, 1354, 1354, 1354, 1354, 1354, 1354, 1354, 1354, 1354, 66, 66, 66, 1354, 1354, 1354, 1354, 1354, 1354, 1354, 1354, 1354, 1354, 1354, 1354, 66, 66, 66, 1354, 1354, 1354, 1354, 1354, 1354, 1354, 1354, 1354, 1354, 1354, 1354, 66, 66, 66, 66, 1354, 1354, 1354, 573, 1354, 66, 78, 78, 66, 90, 90, 66, 66, 66, 66, 66, 71, 68, 90, 66, 54, 54, 66, 54, 1292, 1292, 82, 1292, 1292, 209, 1171, 1288, 396, 560, 163, 73, 70, 74, 1288, 128, 580, 289, 77, 77, 65, 103, 66, 103, 66, 71, 68, 124, 75, 71, 68, 71, 68, 71, 68, 71, 68]",127784,54,1354,374.73313782991204,341,0,0.0,{},{},77,5704,22,1016,93.50819672131148,5,True,False
https://allmalaysia.info/,4328f440-4f79-43c9-ab22-85aa1f9c67f4,2025-04-10 11:11:06,"{'eth': 745, 'ip': 745, 'udp': 139, 'DATA': 179, 'tcp': 606, 'tls': 160, 'dtls': 5}",745,"[71, 71, 68, 66, 71, 68, 54, 66, 71, 68, 103, 66, 103, 66, 71, 68, 71, 66, 83, 73, 79, 75, 122, 75, 71, 68, 83, 73, 71, 68, 71, 68, 71, 68, 71, 68, 71, 66, 71, 68, 71, 68, 78, 74, 66, 91, 91, 91, 91, 91, 91, 91, 91, 91, 91, 91, 91, 91, 91, 91, 91, 72, 66, 66, 66, 66, 66, 66, 66, 66, 66, 66, 66, 66, 321, 78, 1354, 1354, 66, 91, 91, 80, 91, 91, 91, 91, 91, 90, 66, 137, 66, 91, 72, 66, 71, 68, 71, 68, 77, 77, 66, 71, 68, 71, 68, 98, 66, 71, 94, 66, 71, 68, 69, 91, 66, 95, 66, 264, 804, 97, 66, 78, 71, 68, 54, 66, 71, 69, 74, 66, 91, 91, 91, 91, 91, 91, 91, 91, 91, 91, 91, 91, 91, 91, 91, 91, 73, 66, 66, 66, 66, 66, 66, 66, 66, 66, 66, 66, 66, 66, 66, 66, 66, 66, 1354, 1354, 733, 66, 66, 91, 91, 80, 91, 91, 91, 91, 91, 90, 71, 66, 66, 66, 66, 137, 66, 66, 91, 72, 1354, 66, 1354, 66, 1354, 1354, 1354, 66, 66, 1354, 1354, 1354, 1354, 66, 66, 71, 68, 1354, 1166, 66, 98, 66, 1354, 1354, 1354, 1348, 66, 66, 66, 122, 1354, 1354, 66, 66, 66, 75, 1354, 1354, 66, 66, 1354, 1354, 66, 66, 1354, 1354, 1354, 1354, 1354, 1354, 66, 66, 1354, 1354, 1354, 1354, 1354, 1354, 1354, 1354, 66, 66, 518, 71, 66, 106, 66, 69, 1354, 1354, 1013, 66, 66, 98, 1354, 1354, 1354, 1348, 66, 66, 78, 1348, 74, 66, 158, 583, 78, 174, 66, 1354, 1354, 1007, 66, 66, 146, 385, 385, 66, 1354, 822, 66, 1354, 1354, 1354, 1354, 1354, 1354, 1354, 1354, 1354, 1354, 1354, 1354, 1354, 1354, 1354, 66, 66, 66, 1354, 1354, 1354, 1354, 1354, 1354, 1354, 1354, 1354, 66, 1354, 1354, 1354, 66, 1354, 1354, 1354, 1354, 1354, 1354, 66, 1354, 1354, 1354, 66, 1354, 1354, 1354, 66, 1354, 1354, 1354, 1354, 66, 66, 1354, 1354, 1354, 1354, 1354, 1354, 1354, 1354, 1354, 1354, 1354, 1354, 66, 1354, 1354, 1354, 66, 66, 66, 66, 1354, 1354, 1354, 1354, 1354, 1354, 66, 66, 1354, 1354, 1354, 1354, 1354, 1354, 1354, 1354, 1354, 1354, 1354, 1354, 1354, 66, 66, 1354, 1354, 1354, 1354, 1354, 1354, 1354, 1354, 66, 66, 1354, 1354, 1354, 1354, 1354, 1354, 66, 66, 1354, 1354, 1354, 1354, 1354, 1354, 66, 1354, 1354, 1354, 66, 1354, 1354, 1354, 1354, 1354, 1354, 1354, 1354, 1354, 66, 1354, 1354, 1354, 66, 71, 1354, 1354, 1354, 1354, 1354, 1354, 1354, 1354, 1354, 1354, 1354, 1354, 1354, 66, 1354, 1354, 1354, 1354, 1354, 1354, 1354, 1354, 1354, 1354, 1354, 1354, 1354, 1354, 1354, 1354, 1354, 1354, 66, 66, 1354, 1354, 1354, 1354, 1354, 1354, 66, 1354, 1354, 1354, 66, 1354, 1354, 1354, 66, 1354, 1354, 1354, 1354, 1354, 1354, 1354, 1354, 1354, 1354, 1354, 1354, 1354, 1354, 66, 1354, 1354, 1354, 1354, 1354, 68, 1354, 1354, 1354, 1354, 1354, 1354, 1354, 1354, 1354, 1354, 66, 1354, 1354, 1354, 1354, 1354, 1354, 66, 1354, 1354, 1354, 1354, 1354, 1354, 66, 66, 1354, 1354, 1354, 1354, 1354, 1354, 1354, 1354, 1354, 1354, 1354, 1354, 1354, 1354, 1354, 1354, 1354, 978, 66, 66, 1354, 1354, 1354, 1354, 66, 66, 1354, 1354, 1354, 1354, 66, 66, 1354, 1354, 1354, 1354, 66, 66, 1354, 1354, 1354, 1354, 1354, 1354, 1354, 1354, 1354, 66, 66, 1354, 1354, 1354, 66, 66, 1354, 1354, 1354, 1354, 573, 66, 66, 90, 66, 90, 66, 66, 66, 66, 149, 286, 78, 74, 66, 583, 66, 1354, 1354, 1354, 298, 1353, 66, 66, 159, 1354, 1354, 1354, 1348, 66, 66, 66, 153, 66, 106, 66, 117, 66, 71, 1354, 1354, 1354, 1348, 66, 66, 1354, 145, 68, 1354, 542, 66, 66, 90, 66, 54, 54, 822, 66, 152, 71, 68, 71, 68, 71, 68, 54, 66, 71, 68, 71, 69, 71, 68, 54, 66, 495, 75, 71, 68, 71, 68, 71, 68, 71, 66, 71, 68, 187, 66, 98, 66, 71, 68, 71, 68, 54, 54, 54, 66, 66, 66, 71, 68, 54, 66, 109, 66, 106, 66, 71, 494, 75, 68, 54, 54, 66, 66, 71, 68, 71, 70, 120, 162, 142, 70, 122, 66, 188, 128, 77, 71, 68, 78, 66, 66, 71, 68, 71, 68, 71, 68, 71, 68, 141, 141, 70, 181, 128, 77, 78, 66, 66, 71, 68, 71, 68, 103, 66, 103, 66, 54, 66]",455424,54,1354,611.3073825503355,606,"[54, 66, 103, 66, 103, 66, 78, 74, 66, 91, 91, 91, 91, 91, 91, 91, 91, 91, 91, 91, 91, 91, 91, 91, 91, 72, 66, 66, 66, 66, 66, 66, 66, 66, 66, 66, 66, 66, 321, 78, 1354, 1354, 66, 91, 91, 80, 91, 91, 91, 91, 91, 90, 66, 137, 66, 91, 72, 66, 77, 77, 66, 98, 66, 94, 66, 91, 66, 95, 66, 264, 804, 97, 66, 78, 54, 66, 74, 66, 91, 91, 91, 91, 91, 91, 91, 91, 91, 91, 91, 91, 91, 91, 91, 91, 73, 66, 66, 66, 66, 66, 66, 66, 66, 66, 66, 66, 66, 66, 66, 66, 66, 66, 1354, 1354, 733, 66, 66, 91, 91, 80, 91, 91, 91, 91, 91, 90, 66, 66, 66, 137, 66, 66, 91, 72, 1354, 66, 1354, 66, 1354, 1354, 1354, 66, 66, 1354, 1354, 1354, 1354, 66, 66, 1354, 1166, 66, 98, 66, 1354, 1354, 1354, 1348, 66, 66, 66, 1354, 1354, 66, 66, 66, 1354, 1354, 66, 66, 1354, 1354, 66, 66, 1354, 1354, 1354, 1354, 1354, 1354, 66, 66, 1354, 1354, 1354, 1354, 1354, 1354, 1354, 1354, 66, 66, 518, 66, 106, 66, 1354, 1354, 1013, 66, 66, 98, 1354, 1354, 1354, 1348, 66, 66, 78, 1348, 74, 66, 583, 78, 66, 1354, 1354, 1007, 66, 66, 146, 385, 385, 66, 1354, 822, 66, 1354, 1354, 1354, 1354, 1354, 1354, 1354, 1354, 1354, 1354, 1354, 1354, 1354, 1354, 1354, 66, 66, 66, 1354, 1354, 1354, 1354, 1354, 1354, 1354, 1354, 1354, 66, 1354, 1354, 1354, 66, 1354, 1354, 1354, 1354, 1354, 1354, 66, 1354, 1354, 1354, 66, 1354, 1354, 1354, 66, 1354, 1354, 1354, 1354, 66, 66, 1354, 1354, 1354, 1354, 1354, 1354, 1354, 1354, 1354, 1354, 1354, 1354, 66, 1354, 1354, 1354, 66, 66, 66, 66, 1354, 1354, 1354, 1354, 1354, 1354, 66, 66, 1354, 1354, 1354, 1354, 1354, 1354, 1354, 1354, 1354, 1354, 1354, 1354, 1354, 66, 66, 1354, 1354, 1354, 1354, 1354, 1354, 1354, 1354, 66, 66, 1354, 1354, 1354, 1354, 1354, 1354, 66, 66, 1354, 1354, 1354, 1354, 1354, 1354, 66, 1354, 1354, 1354, 66, 1354, 1354, 1354, 1354, 1354, 1354, 1354, 1354, 1354, 66, 1354, 1354, 1354, 66, 1354, 1354, 1354, 1354, 1354, 1354, 1354, 1354, 1354, 1354, 1354, 1354, 1354, 66, 1354, 1354, 1354, 1354, 1354, 1354, 1354, 1354, 1354, 1354, 1354, 1354, 1354, 1354, 1354, 1354, 1354, 1354, 66, 66, 1354, 1354, 1354, 1354, 1354, 1354, 66, 1354, 1354, 1354, 66, 1354, 1354, 1354, 66, 1354, 1354, 1354, 1354, 1354, 1354, 1354, 1354, 1354, 1354, 1354, 1354, 1354, 1354, 66, 1354, 1354, 1354, 1354, 1354, 1354, 1354, 1354, 1354, 1354, 1354, 1354, 1354, 1354, 1354, 66, 1354, 1354, 1354, 1354, 1354, 1354, 66, 1354, 1354, 1354, 1354, 1354, 1354, 66, 66, 1354, 1354, 1354, 1354, 1354, 1354, 1354, 1354, 1354, 1354, 1354, 1354, 1354, 1354, 1354, 1354, 1354, 978, 66, 66, 1354, 1354, 1354, 1354, 66, 66, 1354, 1354, 1354, 1354, 66, 66, 1354, 1354, 1354, 1354, 66, 66, 1354, 1354, 1354, 1354, 1354, 1354, 1354, 1354, 1354, 66, 66, 1354, 1354, 1354, 66, 66, 1354, 1354, 1354, 1354, 573, 66, 66, 90, 66, 90, 66, 66, 66, 66, 78, 74, 66, 583, 66, 1354, 1354, 1354, 298, 1353, 66, 66, 159, 1354, 1354, 1354, 1348, 66, 66, 66, 153, 66, 106, 66, 117, 66, 1354, 1354, 1354, 1348, 66, 66, 1354, 145, 1354, 542, 66, 66, 90, 66, 54, 54, 822, 66, 54, 66, 54, 66, 187, 66, 98, 66, 54, 54, 54, 66, 66, 66, 54, 66, 109, 66, 106, 66, 54, 54, 66, 66, 120, 122, 66, 103, 66, 103, 66, 54, 66]",443496,54,1354,731.8415841584158,606,2,1,0,0.33003300330033003,6.3e-05,0.304179,0.05252831292517007,139,139,"[71, 71, 68, 66, 71, 68, 71, 68, 71, 68, 71, 66, 83, 73, 79, 75, 122, 75, 71, 68, 83, 73, 71, 68, 71, 68, 71, 68, 71, 68, 71, 66, 71, 68, 71, 68, 71, 68, 71, 68, 71, 68, 71, 68, 71, 71, 68, 69, 71, 68, 71, 69, 71, 66, 71, 68, 122, 75, 71, 69, 158, 174, 71, 68, 149, 286, 71, 68, 152, 71, 68, 71, 68, 71, 68, 71, 68, 71, 69, 71, 68, 495, 75, 71, 68, 71, 68, 71, 68, 71, 66, 71, 68, 71, 68, 71, 68, 71, 68, 71, 494, 75, 68, 71, 68, 71, 70, 162, 142, 70, 188, 128, 77, 71, 68, 78, 66, 66, 71, 68, 71, 68, 71, 68, 71, 68, 141, 141, 70, 181, 128, 77, 78, 66, 66, 71, 68, 71, 68]",11928,66,495,85.81294964028777,0,0,0,745,"[71, 71, 68, 66, 71, 68, 54, 66, 71, 68, 103, 66, 103, 66, 71, 68, 71, 66, 83, 73, 79, 75, 122, 75, 71, 68, 83, 73, 71, 68, 71, 68, 71, 68, 71, 68, 71, 66, 71, 68, 71, 68, 78, 74, 66, 91, 91, 91, 91, 91, 91, 91, 91, 91, 91, 91, 91, 91, 91, 91, 91, 72, 66, 66, 66, 66, 66, 66, 66, 66, 66, 66, 66, 66, 321, 78, 1354, 1354, 66, 91, 91, 80, 91, 91, 91, 91, 91, 90, 66, 137, 66, 91, 72, 66, 71, 68, 71, 68, 77, 77, 66, 71, 68, 71, 68, 98, 66, 71, 94, 66, 71, 68, 69, 91, 66, 95, 66, 264, 804, 97, 66, 78, 71, 68, 54, 66, 71, 69, 74, 66, 91, 91, 91, 91, 91, 91, 91, 91, 91, 91, 91, 91, 91, 91, 91, 91, 73, 66, 66, 66, 66, 66, 66, 66, 66, 66, 66, 66, 66, 66, 66, 66, 66, 66, 1354, 1354, 733, 66, 66, 91, 91, 80, 91, 91, 91, 91, 91, 90, 71, 66, 66, 66, 66, 137, 66, 66, 91, 72, 1354, 66, 1354, 66, 1354, 1354, 1354, 66, 66, 1354, 1354, 1354, 1354, 66, 66, 71, 68, 1354, 1166, 66, 98, 66, 1354, 1354, 1354, 1348, 66, 66, 66, 122, 1354, 1354, 66, 66, 66, 75, 1354, 1354, 66, 66, 1354, 1354, 66, 66, 1354, 1354, 1354, 1354, 1354, 1354, 66, 66, 1354, 1354, 1354, 1354, 1354, 1354, 1354, 1354, 66, 66, 518, 71, 66, 106, 66, 69, 1354, 1354, 1013, 66, 66, 98, 1354, 1354, 1354, 1348, 66, 66, 78, 1348, 74, 66, 158, 583, 78, 174, 66, 1354, 1354, 1007, 66, 66, 146, 385, 385, 66, 1354, 822, 66, 1354, 1354, 1354, 1354, 1354, 1354, 1354, 1354, 1354, 1354, 1354, 1354, 1354, 1354, 1354, 66, 66, 66, 1354, 1354, 1354, 1354, 1354, 1354, 1354, 1354, 1354, 66, 1354, 1354, 1354, 66, 1354, 1354, 1354, 1354, 1354, 1354, 66, 1354, 1354, 1354, 66, 1354, 1354, 1354, 66, 1354, 1354, 1354, 1354, 66, 66, 1354, 1354, 1354, 1354, 1354, 1354, 1354, 1354, 1354, 1354, 1354, 1354, 66, 1354, 1354, 1354, 66, 66, 66, 66, 1354, 1354, 1354, 1354, 1354, 1354, 66, 66, 1354, 1354, 1354, 1354, 1354, 1354, 1354, 1354, 1354, 1354, 1354, 1354, 1354, 66, 66, 1354, 1354, 1354, 1354, 1354, 1354, 1354, 1354, 66, 66, 1354, 1354, 1354, 1354, 1354, 1354, 66, 66, 1354, 1354, 1354, 1354, 1354, 1354, 66, 1354, 1354, 1354, 66, 1354, 1354, 1354, 1354, 1354, 1354, 1354, 1354, 1354, 66, 1354, 1354, 1354, 66, 71, 1354, 1354, 1354, 1354, 1354, 1354, 1354, 1354, 1354, 1354, 1354, 1354, 1354, 66, 1354, 1354, 1354, 1354, 1354, 1354, 1354, 1354, 1354, 1354, 1354, 1354, 1354, 1354, 1354, 1354, 1354, 1354, 66, 66, 1354, 1354, 1354, 1354, 1354, 1354, 66, 1354, 1354, 1354, 66, 1354, 1354, 1354, 66, 1354, 1354, 1354, 1354, 1354, 1354, 1354, 1354, 1354, 1354, 1354, 1354, 1354, 1354, 66, 1354, 1354, 1354, 1354, 1354, 68, 1354, 1354, 1354, 1354, 1354, 1354, 1354, 1354, 1354, 1354, 66, 1354, 1354, 1354, 1354, 1354, 1354, 66, 1354, 1354, 1354, 1354, 1354, 1354, 66, 66, 1354, 1354, 1354, 1354, 1354, 1354, 1354, 1354, 1354, 1354, 1354, 1354, 1354, 1354, 1354, 1354, 1354, 978, 66, 66, 1354, 1354, 1354, 1354, 66, 66, 1354, 1354, 1354, 1354, 66, 66, 1354, 1354, 1354, 1354, 66, 66, 1354, 1354, 1354, 1354, 1354, 1354, 1354, 1354, 1354, 66, 66, 1354, 1354, 1354, 66, 66, 1354, 1354, 1354, 1354, 573, 66, 66, 90, 66, 90, 66, 66, 66, 66, 149, 286, 78, 74, 66, 583, 66, 1354, 1354, 1354, 298, 1353, 66, 66, 159, 1354, 1354, 1354, 1348, 66, 66, 66, 153, 66, 106, 66, 117, 66, 71, 1354, 1354, 1354, 1348, 66, 66, 1354, 145, 68, 1354, 542, 66, 66, 90, 66, 54, 54, 822, 66, 152, 71, 68, 71, 68, 71, 68, 54, 66, 71, 68, 71, 69, 71, 68, 54, 66, 495, 75, 71, 68, 71, 68, 71, 68, 71, 66, 71, 68, 187, 66, 98, 66, 71, 68, 71, 68, 54, 54, 54, 66, 66, 66, 71, 68, 54, 66, 109, 66, 106, 66, 71, 494, 75, 68, 54, 54, 66, 66, 71, 68, 71, 70, 120, 162, 142, 70, 122, 66, 188, 128, 77, 71, 68, 78, 66, 66, 71, 68, 71, 68, 71, 68, 71, 68, 141, 141, 70, 181, 128, 77, 78, 66, 66, 71, 68, 71, 68, 103, 66, 103, 66, 54, 66]",455424,54,1354,611.3073825503355,745,0,0.0,{},{},179,5403,11,453,39.72794117647059,5,True,False
